tile01,96,1792,0,0,32,32,0,1,1,4294967295
tile01,128,1792,0,0,32,32,0,1,1,4294967295
tile01,160,1792,0,0,32,32,0,1,1,4294967295
tile01,192,1792,0,0,32,32,0,1,1,4294967295
tile01,224,1792,0,0,32,32,0,1,1,4294967295
tile01,256,1792,0,0,32,32,0,1,1,4294967295
tile01,288,1792,0,0,32,32,0,1,1,4294967295
tile01,320,1792,0,0,32,32,0,1,1,4294967295
tile01,352,1792,0,0,32,32,0,1,1,4294967295
tile01,384,1792,0,0,32,32,0,1,1,4294967295
tile01,416,1792,0,0,32,32,0,1,1,4294967295
tile01,448,1792,0,0,32,32,0,1,1,4294967295
tile01,480,1792,0,0,32,32,0,1,1,4294967295
tile01,512,1792,0,0,32,32,0,1,1,4294967295
tile01,544,1792,0,0,32,32,0,1,1,4294967295
tile01,576,1792,0,0,32,32,0,1,1,4294967295
tile01,64,1792,32,0,32,32,0,1,1,4294967295
tile01,64,1760,32,0,32,32,0,1,1,4294967295
tile01,32,1760,32,0,32,32,0,1,1,4294967295
tile01,32,1792,32,0,32,32,0,1,1,4294967295
tile01,0,1792,32,0,32,32,0,1,1,4294967295
tile01,0,1760,32,0,32,32,0,1,1,4294967295
tile01,480,1632,0,0,32,32,0,1,1,4294967295
tile01,448,1632,0,0,32,32,0,1,1,4294967295
tile01,416,1632,0,0,32,32,0,1,1,4294967295
tile01,384,1632,0,0,32,32,0,1,1,4294967295
tile01,352,1632,0,0,32,32,0,1,1,4294967295
tile01,320,1632,0,0,32,32,0,1,1,4294967295
tile01,288,1632,0,0,32,32,0,1,1,4294967295
tile01,256,1632,0,0,32,32,0,1,1,4294967295
tile01,224,1632,0,0,32,32,0,1,1,4294967295
tile01,608,1760,32,0,32,32,0,1,1,4294967295
tile01,608,1792,32,0,32,32,0,1,1,4294967295
tile01,640,1792,32,0,32,32,0,1,1,4294967295
tile01,640,1760,32,0,32,32,0,1,1,4294967295
tile01,640,1728,32,0,32,32,0,1,1,4294967295
tile01,608,1728,32,0,32,32,0,1,1,4294967295
tile01,608,1696,32,0,32,32,0,1,1,4294967295
tile01,608,1664,32,0,32,32,0,1,1,4294967295
tile01,640,1696,32,0,32,32,0,1,1,4294967295
tile01,640,1664,32,0,32,32,0,1,1,4294967295
tile01,640,1600,32,0,32,32,0,1,1,4294967295
tile01,640,1632,32,0,32,32,0,1,1,4294967295
tile01,608,1632,32,0,32,32,0,1,1,4294967295
tile01,608,1600,32,0,32,32,0,1,1,4294967295
tile01,576,1376,0,0,32,32,0,1,1,4294967295
tile01,544,1376,0,0,32,32,0,1,1,4294967295
tile01,608,1376,0,0,32,32,0,1,1,4294967295
tile01,640,1376,0,0,32,32,0,1,1,4294967295
tile01,608,1408,32,0,32,32,0,1,1,4294967295
tile01,608,1440,32,0,32,32,0,1,1,4294967295
tile01,608,1472,32,0,32,32,0,1,1,4294967295
tile01,608,1504,32,0,32,32,0,1,1,4294967295
tile01,608,1536,32,0,32,32,0,1,1,4294967295
tile01,608,1568,32,0,32,32,0,1,1,4294967295
tile01,640,1568,32,0,32,32,0,1,1,4294967295
tile01,640,1536,32,0,32,32,0,1,1,4294967295
tile01,640,1504,32,0,32,32,0,1,1,4294967295
tile01,640,1472,32,0,32,32,0,1,1,4294967295
tile01,640,1440,32,0,32,32,0,1,1,4294967295
tile01,640,1408,32,0,32,32,0,1,1,4294967295
tile01,0,1536,0,0,32,32,0,1,1,4294967295
tile01,0,1568,32,0,32,32,0,1,1,4294967295
tile01,32,1600,32,0,32,32,0,1,1,4294967295
tile01,32,1632,32,0,32,32,0,1,1,4294967295
tile01,32,1664,32,0,32,32,0,1,1,4294967295
tile01,32,1696,32,0,32,32,0,1,1,4294967295
tile01,32,1728,32,0,32,32,0,1,1,4294967295
tile01,0,1728,32,0,32,32,0,1,1,4294967295
tile01,0,1696,32,0,32,32,0,1,1,4294967295
tile01,0,1664,32,0,32,32,0,1,1,4294967295
tile01,0,1632,32,0,32,32,0,1,1,4294967295
tile01,0,1600,32,0,32,32,0,1,1,4294967295
tile01,64,1632,0,0,32,32,0,1,1,4294967295
tile01,64,1664,32,0,32,32,0,1,1,4294967295
tile01,64,1696,32,0,32,32,0,1,1,4294967295
tile01,64,1728,32,0,32,32,0,1,1,4294967295
tile01,32,1568,0,0,32,32,0,1,1,4294967295
tile01,0,1504,32,0,32,32,0,1,1,4294967295
tile01,0,1472,32,0,32,32,0,1,1,4294967295
tile01,0,1440,32,0,32,32,0,1,1,4294967295
tile01,0,1408,32,0,32,32,0,1,1,4294967295
tile01,0,1376,32,0,32,32,0,1,1,4294967295
tile01,0,1344,32,0,32,32,0,1,1,4294967295
tile01,0,1312,32,0,32,32,0,1,1,4294967295
tile01,0,1280,32,0,32,32,0,1,1,4294967295
tile01,0,1248,32,0,32,32,0,1,1,4294967295
tile01,672,1376,0,0,32,32,0,1,1,4294967295
tile01,704,1376,0,0,32,32,0,1,1,4294967295
tile01,736,1376,0,0,32,32,0,1,1,4294967295
tile01,768,1408,0,0,32,32,0,1,1,4294967295
tile01,800,1408,0,0,32,32,0,1,1,4294967295
tile01,896,1376,0,0,32,32,0,1,1,4294967295
tile01,928,1376,0,0,32,32,0,1,1,4294967295
tile01,960,1376,0,0,32,32,0,1,1,4294967295
tile01,992,1376,0,0,32,32,0,1,1,4294967295
tile01,1056,1408,0,0,32,32,0,1,1,4294967295
tile01,1088,1408,0,0,32,32,0,1,1,4294967295
tile01,1152,1312,0,0,32,32,0,1,1,4294967295
tile01,1120,1344,0,0,32,32,0,1,1,4294967295
tile01,1056,1376,0,0,32,32,0,1,1,4294967295
tile01,1024,1376,0,0,32,32,0,1,1,4294967295
tile01,1056,1344,0,0,32,32,0,1,1,4294967295
tile01,1024,1344,0,0,32,32,0,1,1,4294967295
tile01,1088,1344,0,0,32,32,0,1,1,4294967295
tile01,1088,1376,0,0,32,32,0,1,1,4294967295
tile01,1184,1312,0,0,32,32,0,1,1,4294967295
tile01,768,1440,32,0,32,32,0,1,1,4294967295
tile01,768,1472,32,0,32,32,0,1,1,4294967295
tile01,768,1504,32,0,32,32,0,1,1,4294967295
tile01,768,1536,32,0,32,32,0,1,1,4294967295
tile01,768,1568,32,0,32,32,0,1,1,4294967295
tile01,768,1600,32,0,32,32,0,1,1,4294967295
tile01,768,1632,32,0,32,32,0,1,1,4294967295
tile01,736,1664,32,0,32,32,0,1,1,4294967295
tile01,736,1728,32,0,32,32,0,1,1,4294967295
tile01,736,1760,32,0,32,32,0,1,1,4294967295
tile01,736,1792,32,0,32,32,0,1,1,4294967295
tile01,704,1792,32,0,32,32,0,1,1,4294967295
tile01,672,1792,32,0,32,32,0,1,1,4294967295
tile01,672,1760,32,0,32,32,0,1,1,4294967295
tile01,672,1728,32,0,32,32,0,1,1,4294967295
tile01,672,1696,32,0,32,32,0,1,1,4294967295
tile01,672,1664,32,0,32,32,0,1,1,4294967295
tile01,704,1760,32,0,32,32,0,1,1,4294967295
tile01,704,1728,32,0,32,32,0,1,1,4294967295
tile01,672,1632,32,0,32,32,0,1,1,4294967295
tile01,736,1696,32,0,32,32,0,1,1,4294967295
tile01,704,1696,32,0,32,32,0,1,1,4294967295
tile01,704,1664,32,0,32,32,0,1,1,4294967295
tile01,736,1536,32,0,32,32,0,1,1,4294967295
tile01,704,1536,32,0,32,32,0,1,1,4294967295
tile01,704,1504,32,0,32,32,0,1,1,4294967295
tile01,704,1472,32,0,32,32,0,1,1,4294967295
tile01,704,1440,32,0,32,32,0,1,1,4294967295
tile01,704,1408,32,0,32,32,0,1,1,4294967295
tile01,672,1408,32,0,32,32,0,1,1,4294967295
tile01,672,1440,32,0,32,32,0,1,1,4294967295
tile01,672,1536,32,0,32,32,0,1,1,4294967295
tile01,672,1600,32,0,32,32,0,1,1,4294967295
tile01,704,1600,32,0,32,32,0,1,1,4294967295
tile01,704,1632,32,0,32,32,0,1,1,4294967295
tile01,736,1632,32,0,32,32,0,1,1,4294967295
tile01,736,1600,32,0,32,32,0,1,1,4294967295
tile01,736,1568,32,0,32,32,0,1,1,4294967295
tile01,736,1504,32,0,32,32,0,1,1,4294967295
tile01,736,1472,32,0,32,32,0,1,1,4294967295
tile01,736,1440,32,0,32,32,0,1,1,4294967295
tile01,672,1472,32,0,32,32,0,1,1,4294967295
tile01,672,1504,32,0,32,32,0,1,1,4294967295
tile01,736,1408,32,0,32,32,0,1,1,4294967295
tile01,672,1568,32,0,32,32,0,1,1,4294967295
tile01,704,1568,32,0,32,32,0,1,1,4294967295
tile01,896,1408,32,0,32,32,0,1,1,4294967295
tile01,896,1440,32,0,32,32,0,1,1,4294967295
tile01,896,1472,32,0,32,32,0,1,1,4294967295
tile01,928,1504,32,0,32,32,0,1,1,4294967295
tile01,928,1536,32,0,32,32,0,1,1,4294967295
tile01,960,1568,32,0,32,32,0,1,1,4294967295
tile01,960,1600,32,0,32,32,0,1,1,4294967295
tile01,960,1632,32,0,32,32,0,1,1,4294967295
tile01,960,1664,32,0,32,32,0,1,1,4294967295
tile01,992,1664,32,0,32,32,0,1,1,4294967295
tile01,992,1696,32,0,32,32,0,1,1,4294967295
tile01,992,1760,32,0,32,32,0,1,1,4294967295
tile01,992,1792,32,0,32,32,0,1,1,4294967295
tile01,1024,1760,32,0,32,32,0,1,1,4294967295
tile01,1056,1760,32,0,32,32,0,1,1,4294967295
tile01,1056,1728,32,0,32,32,0,1,1,4294967295
tile01,1088,1696,32,0,32,32,0,1,1,4294967295
tile01,1088,1664,32,0,32,32,0,1,1,4294967295
tile01,1088,1632,32,0,32,32,0,1,1,4294967295
tile01,1088,1600,32,0,32,32,0,1,1,4294967295
tile01,1088,1568,32,0,32,32,0,1,1,4294967295
tile01,1120,1568,32,0,32,32,0,1,1,4294967295
tile01,1120,1536,32,0,32,32,0,1,1,4294967295
tile01,1120,1504,32,0,32,32,0,1,1,4294967295
tile01,1152,1440,32,0,32,32,0,1,1,4294967295
tile01,1152,1408,32,0,32,32,0,1,1,4294967295
tile01,1152,1376,32,0,32,32,0,1,1,4294967295
tile01,1184,1344,32,0,32,32,0,1,1,4294967295
tile01,1152,1344,32,0,32,32,0,1,1,4294967295
tile01,1120,1376,32,0,32,32,0,1,1,4294967295
tile01,1120,1408,32,0,32,32,0,1,1,4294967295
tile01,1120,1440,32,0,32,32,0,1,1,4294967295
tile01,1120,1472,32,0,32,32,0,1,1,4294967295
tile01,1088,1472,32,0,32,32,0,1,1,4294967295
tile01,1056,1632,32,0,32,32,0,1,1,4294967295
tile01,1056,1568,32,0,32,32,0,1,1,4294967295
tile01,1056,1536,32,0,32,32,0,1,1,4294967295
tile01,1088,1440,32,0,32,32,0,1,1,4294967295
tile01,1056,1440,32,0,32,32,0,1,1,4294967295
tile01,1024,1440,32,0,32,32,0,1,1,4294967295
tile01,992,1440,32,0,32,32,0,1,1,4294967295
tile01,928,1408,32,0,32,32,0,1,1,4294967295
tile01,1024,1408,32,0,32,32,0,1,1,4294967295
tile01,992,1408,32,0,32,32,0,1,1,4294967295
tile01,960,1408,32,0,32,32,0,1,1,4294967295
tile01,928,1440,32,0,32,32,0,1,1,4294967295
tile01,928,1472,32,0,32,32,0,1,1,4294967295
tile01,1056,1472,32,0,32,32,0,1,1,4294967295
tile01,1056,1504,32,0,32,32,0,1,1,4294967295
tile01,1088,1536,32,0,32,32,0,1,1,4294967295
tile01,1088,1504,32,0,32,32,0,1,1,4294967295
tile01,1056,1600,32,0,32,32,0,1,1,4294967295
tile01,992,1728,32,0,32,32,0,1,1,4294967295
tile01,1024,1728,32,0,32,32,0,1,1,4294967295
tile01,1024,1632,32,0,32,32,0,1,1,4294967295
tile01,960,1536,32,0,32,32,0,1,1,4294967295
tile01,960,1504,32,0,32,32,0,1,1,4294967295
tile01,960,1440,32,0,32,32,0,1,1,4294967295
tile01,1024,1472,32,0,32,32,0,1,1,4294967295
tile01,1024,1568,32,0,32,32,0,1,1,4294967295
tile01,992,1632,32,0,32,32,0,1,1,4294967295
tile01,992,1600,32,0,32,32,0,1,1,4294967295
tile01,960,1472,32,0,32,32,0,1,1,4294967295
tile01,992,1536,32,0,32,32,0,1,1,4294967295
tile01,992,1568,32,0,32,32,0,1,1,4294967295
tile01,992,1504,32,0,32,32,0,1,1,4294967295
tile01,992,1472,32,0,32,32,0,1,1,4294967295
tile01,1024,1504,32,0,32,32,0,1,1,4294967295
tile01,1024,1536,32,0,32,32,0,1,1,4294967295
tile01,1024,1600,32,0,32,32,0,1,1,4294967295
tile01,1024,1664,32,0,32,32,0,1,1,4294967295
tile01,1024,1696,32,0,32,32,0,1,1,4294967295
tile01,1056,1696,32,0,32,32,0,1,1,4294967295
tile03,768,1760,64,96,32,32,0,1,1,4294967295
tile03,800,1760,64,96,32,32,0,1,1,4294967295
tile03,832,1760,64,96,32,32,0,1,1,4294967295
tile03,896,1760,64,96,32,32,0,1,1,4294967295
tile03,928,1760,64,96,32,32,0,1,1,4294967295
tile03,960,1760,64,96,32,32,0,1,1,4294967295
tile03,864,1760,64,96,32,32,0,1,1,4294967295
tile03,960,1792,64,96,32,32,0,1,1,4294967295
tile03,928,1792,64,96,32,32,0,1,1,4294967295
tile03,832,1792,64,96,32,32,0,1,1,4294967295
tile03,768,1792,64,96,32,32,0,1,1,4294967295
tile03,800,1792,64,96,32,32,0,1,1,4294967295
tile03,864,1792,64,96,32,32,0,1,1,4294967295
tile03,896,1792,64,96,32,32,0,1,1,4294967295
tile01,1120,1600,0,0,32,32,0,1,1,4294967295
tile01,1152,1600,0,0,32,32,0,1,1,4294967295
tile01,1184,1600,0,0,32,32,0,1,1,4294967295
tile01,1216,1600,0,0,32,32,0,1,1,4294967295
tile01,1056,1664,0,0,32,32,0,1,1,4294967295
tile01,1248,1600,0,0,32,32,0,1,1,4294967295
tile01,1280,1600,0,0,32,32,0,1,1,4294967295
tile01,1344,1600,0,0,32,32,0,1,1,4294967295
tile01,1312,1600,0,0,32,32,0,1,1,4294967295
tile01,1504,1280,32,0,32,32,0,1,1,4294967295
tile01,1504,1312,32,0,32,32,0,1,1,4294967295
tile01,1504,1344,32,0,32,32,0,1,1,4294967295
tile01,1504,1376,32,0,32,32,0,1,1,4294967295
tile01,1504,1408,32,0,32,32,0,1,1,4294967295
tile01,1504,1440,32,0,32,32,0,1,1,4294967295
tile01,1504,1472,32,0,32,32,0,1,1,4294967295
tile01,1536,1472,32,0,32,32,0,1,1,4294967295
tile01,1536,1504,32,0,32,32,0,1,1,4294967295
tile01,1536,1536,32,0,32,32,0,1,1,4294967295
tile01,1536,1568,32,0,32,32,0,1,1,4294967295
tile01,1536,1600,32,0,32,32,0,1,1,4294967295
tile01,1504,1632,32,0,32,32,0,1,1,4294967295
tile01,1504,1600,32,0,32,32,0,1,1,4294967295
tile01,1504,1568,32,0,32,32,0,1,1,4294967295
tile01,1504,1536,32,0,32,32,0,1,1,4294967295
tile01,1504,1504,32,0,32,32,0,1,1,4294967295
tile01,1280,1760,0,0,32,32,0,1,1,4294967295
tile01,1312,1760,0,0,32,32,0,1,1,4294967295
tile01,1344,1760,0,0,32,32,0,1,1,4294967295
tile01,1408,1760,0,0,32,32,0,1,1,4294967295
tile01,1440,1760,0,0,32,32,0,1,1,4294967295
tile01,1472,1760,0,0,32,32,0,1,1,4294967295
tile01,1504,1760,0,0,32,32,0,1,1,4294967295
tile01,1376,1760,0,0,32,32,0,1,1,4294967295
tile01,1248,1760,0,0,32,32,0,1,1,4294967295
tile01,1216,1760,0,0,32,32,0,1,1,4294967295
tile01,1184,1760,0,0,32,32,0,1,1,4294967295
tile01,1120,1632,32,0,32,32,0,1,1,4294967295
tile01,1120,1664,32,0,32,32,0,1,1,4294967295
tile01,1120,1696,32,0,32,32,0,1,1,4294967295
tile01,1120,1728,32,0,32,32,0,1,1,4294967295
tile01,1088,1728,32,0,32,32,0,1,1,4294967295
tile01,1088,1760,32,0,32,32,0,1,1,4294967295
tile01,1120,1760,32,0,32,32,0,1,1,4294967295
tile01,1152,1728,32,0,32,32,0,1,1,4294967295
tile01,1152,1760,32,0,32,32,0,1,1,4294967295
tile01,1024,1792,32,0,32,32,0,1,1,4294967295
tile01,1056,1792,32,0,32,32,0,1,1,4294967295
tile01,1216,1792,32,0,32,32,0,1,1,4294967295
tile01,1504,1792,32,0,32,32,0,1,1,4294967295
tile01,1472,1792,32,0,32,32,0,1,1,4294967295
tile01,1376,1792,32,0,32,32,0,1,1,4294967295
tile01,1280,1792,32,0,32,32,0,1,1,4294967295
tile01,1184,1792,32,0,32,32,0,1,1,4294967295
tile01,1120,1792,32,0,32,32,0,1,1,4294967295
tile01,1088,1792,32,0,32,32,0,1,1,4294967295
tile01,1152,1792,32,0,32,32,0,1,1,4294967295
tile01,1248,1792,32,0,32,32,0,1,1,4294967295
tile01,1344,1792,32,0,32,32,0,1,1,4294967295
tile01,1408,1792,32,0,32,32,0,1,1,4294967295
tile01,1440,1792,32,0,32,32,0,1,1,4294967295
tile01,1312,1792,32,0,32,32,0,1,1,4294967295
tile01,1536,1760,0,0,32,32,0,1,1,4294967295
tile01,1568,1760,0,0,32,32,0,1,1,4294967295
tile01,1600,1760,0,0,32,32,0,1,1,4294967295
tile01,1632,1760,0,0,32,32,0,1,1,4294967295
tile01,1664,1760,0,0,32,32,0,1,1,4294967295
tile01,1696,1760,0,0,32,32,0,1,1,4294967295
tile01,1984,1760,0,0,32,32,0,1,1,4294967295
tile01,1920,1760,0,0,32,32,0,1,1,4294967295
tile01,1888,1760,0,0,32,32,0,1,1,4294967295
tile01,1856,1760,0,0,32,32,0,1,1,4294967295
tile01,1824,1760,0,0,32,32,0,1,1,4294967295
tile01,1792,1760,0,0,32,32,0,1,1,4294967295
tile01,1760,1760,0,0,32,32,0,1,1,4294967295
tile01,1728,1760,0,0,32,32,0,1,1,4294967295
tile01,1952,1760,0,0,32,32,0,1,1,4294967295
tile01,1984,1504,0,0,32,32,0,1,1,4294967295
tile01,1536,1792,32,0,32,32,0,1,1,4294967295
tile01,1568,1792,32,0,32,32,0,1,1,4294967295
tile01,1600,1792,32,0,32,32,0,1,1,4294967295
tile01,1632,1792,32,0,32,32,0,1,1,4294967295
tile01,1664,1792,32,0,32,32,0,1,1,4294967295
tile01,1696,1792,32,0,32,32,0,1,1,4294967295
tile01,1728,1792,32,0,32,32,0,1,1,4294967295
tile01,1760,1792,32,0,32,32,0,1,1,4294967295
tile01,1792,1792,32,0,32,32,0,1,1,4294967295
tile01,1888,1792,32,0,32,32,0,1,1,4294967295
tile01,1920,1792,32,0,32,32,0,1,1,4294967295
tile01,1984,1792,32,0,32,32,0,1,1,4294967295
tile01,1952,1792,32,0,32,32,0,1,1,4294967295
tile01,1824,1792,32,0,32,32,0,1,1,4294967295
tile01,1856,1792,32,0,32,32,0,1,1,4294967295
tile01,1536,1632,32,0,32,32,0,1,1,4294967295
tile01,1536,1440,32,0,32,32,0,1,1,4294967295
tile01,1536,1408,32,0,32,32,0,1,1,4294967295
tile01,1536,1376,32,0,32,32,0,1,1,4294967295
tile01,1536,1344,32,0,32,32,0,1,1,4294967295
tile01,1536,1312,32,0,32,32,0,1,1,4294967295
tile01,1536,1280,32,0,32,32,0,1,1,4294967295
tile01,2016,1792,32,0,32,32,0,1,1,4294967295
tile01,2016,1760,32,0,32,32,0,1,1,4294967295
tile01,2016,1728,32,0,32,32,0,1,1,4294967295
tile01,2016,1696,32,0,32,32,0,1,1,4294967295
tile01,2016,1664,32,0,32,32,0,1,1,4294967295
tile01,2016,1632,32,0,32,32,0,1,1,4294967295
tile01,2016,1600,32,0,32,32,0,1,1,4294967295
tile01,2016,1568,32,0,32,32,0,1,1,4294967295
tile01,2016,1536,32,0,32,32,0,1,1,4294967295
tile01,2016,1504,32,0,32,32,0,1,1,4294967295
tile01,2048,1504,32,0,32,32,0,1,1,4294967295
tile01,2048,1536,32,0,32,32,0,1,1,4294967295
tile01,2048,1696,32,0,32,32,0,1,1,4294967295
tile01,2048,1728,32,0,32,32,0,1,1,4294967295
tile01,2048,1792,32,0,32,32,0,1,1,4294967295
tile01,2048,1760,32,0,32,32,0,1,1,4294967295
tile01,2048,1664,32,0,32,32,0,1,1,4294967295
tile01,2048,1632,32,0,32,32,0,1,1,4294967295
tile01,2048,1568,32,0,32,32,0,1,1,4294967295
tile01,2048,1600,32,0,32,32,0,1,1,4294967295
tile01,1984,1536,32,0,32,32,0,1,1,4294967295
tile01,1984,1568,32,0,32,32,0,1,1,4294967295
tile01,1984,1600,32,0,32,32,0,1,1,4294967295
tile01,1984,1632,32,0,32,32,0,1,1,4294967295
tile01,1984,1664,32,0,32,32,0,1,1,4294967295
tile01,1984,1696,32,0,32,32,0,1,1,4294967295
tile01,1984,1728,32,0,32,32,0,1,1,4294967295
tile01,2784,1504,0,0,32,32,0,1,1,4294967295
tile01,2784,1536,32,0,32,32,0,1,1,4294967295
tile01,2784,1568,32,0,32,32,0,1,1,4294967295
tile01,2784,1600,32,0,32,32,0,1,1,4294967295
tile01,2784,1632,32,0,32,32,0,1,1,4294967295
tile01,2784,1664,32,0,32,32,0,1,1,4294967295
tile01,2784,1696,32,0,32,32,0,1,1,4294967295
tile01,2784,1728,32,0,32,32,0,1,1,4294967295
tile01,2784,1760,32,0,32,32,0,1,1,4294967295
tile01,2784,1792,32,0,32,32,0,1,1,4294967295
tile01,2816,1504,0,0,32,32,0,1,1,4294967295
tile01,2848,1504,0,0,32,32,0,1,1,4294967295
tile01,2880,1504,0,0,32,32,0,1,1,4294967295
tile01,2912,1504,0,0,32,32,0,1,1,4294967295
tile01,2944,1504,0,0,32,32,0,1,1,4294967295
tile01,2976,1504,0,0,32,32,0,1,1,4294967295
tile01,3008,1504,0,0,32,32,0,1,1,4294967295
tile01,3040,1504,0,0,32,32,0,1,1,4294967295
tile01,3072,1504,0,0,32,32,0,1,1,4294967295
tile01,2816,1536,32,0,32,32,0,1,1,4294967295
tile01,2848,1536,32,0,32,32,0,1,1,4294967295
tile01,2880,1536,32,0,32,32,0,1,1,4294967295
tile01,2912,1536,32,0,32,32,0,1,1,4294967295
tile01,2944,1536,32,0,32,32,0,1,1,4294967295
tile01,2976,1536,32,0,32,32,0,1,1,4294967295
tile01,3008,1536,32,0,32,32,0,1,1,4294967295
tile01,3040,1536,32,0,32,32,0,1,1,4294967295
tile01,3072,1536,32,0,32,32,0,1,1,4294967295
tile01,3072,1568,32,0,32,32,0,1,1,4294967295
tile01,3072,1600,32,0,32,32,0,1,1,4294967295
tile01,3072,1632,32,0,32,32,0,1,1,4294967295
tile01,3072,1664,32,0,32,32,0,1,1,4294967295
tile01,3072,1696,32,0,32,32,0,1,1,4294967295
tile01,3072,1728,32,0,32,32,0,1,1,4294967295
tile01,3072,1760,32,0,32,32,0,1,1,4294967295
tile01,3072,1792,32,0,32,32,0,1,1,4294967295
tile01,2816,1568,32,0,32,32,0,1,1,4294967295
tile01,2816,1600,32,0,32,32,0,1,1,4294967295
tile01,2816,1632,32,0,32,32,0,1,1,4294967295
tile01,2816,1664,32,0,32,32,0,1,1,4294967295
tile01,2816,1696,32,0,32,32,0,1,1,4294967295
tile01,2816,1728,32,0,32,32,0,1,1,4294967295
tile01,2816,1760,32,0,32,32,0,1,1,4294967295
tile01,2816,1792,32,0,32,32,0,1,1,4294967295
tile01,2848,1792,32,0,32,32,0,1,1,4294967295
tile01,2880,1792,32,0,32,32,0,1,1,4294967295
tile01,2912,1792,32,0,32,32,0,1,1,4294967295
tile01,2944,1792,32,0,32,32,0,1,1,4294967295
tile01,2976,1792,32,0,32,32,0,1,1,4294967295
tile01,3008,1792,32,0,32,32,0,1,1,4294967295
tile01,3040,1792,32,0,32,32,0,1,1,4294967295
tile01,3040,1760,32,0,32,32,0,1,1,4294967295
tile01,3040,1728,32,0,32,32,0,1,1,4294967295
tile01,3040,1696,32,0,32,32,0,1,1,4294967295
tile01,3040,1664,32,0,32,32,0,1,1,4294967295
tile01,3040,1632,32,0,32,32,0,1,1,4294967295
tile01,3040,1600,32,0,32,32,0,1,1,4294967295
tile01,3040,1568,32,0,32,32,0,1,1,4294967295
tile01,3008,1568,32,0,32,32,0,1,1,4294967295
tile01,2976,1568,32,0,32,32,0,1,1,4294967295
tile01,2912,1568,32,0,32,32,0,1,1,4294967295
tile01,2880,1568,32,0,32,32,0,1,1,4294967295
tile01,2848,1568,32,0,32,32,0,1,1,4294967295
tile01,2944,1568,32,0,32,32,0,1,1,4294967295
tile01,3008,1600,32,0,32,32,0,1,1,4294967295
tile01,3008,1632,32,0,32,32,0,1,1,4294967295
tile01,3008,1664,32,0,32,32,0,1,1,4294967295
tile01,3008,1696,32,0,32,32,0,1,1,4294967295
tile01,3008,1728,32,0,32,32,0,1,1,4294967295
tile01,3008,1760,32,0,32,32,0,1,1,4294967295
tile01,2976,1760,32,0,32,32,0,1,1,4294967295
tile01,2944,1760,32,0,32,32,0,1,1,4294967295
tile01,2912,1760,32,0,32,32,0,1,1,4294967295
tile01,2880,1760,32,0,32,32,0,1,1,4294967295
tile01,2848,1760,32,0,32,32,0,1,1,4294967295
tile01,2848,1728,32,0,32,32,0,1,1,4294967295
tile01,2848,1696,32,0,32,32,0,1,1,4294967295
tile01,2848,1664,32,0,32,32,0,1,1,4294967295
tile01,2848,1632,32,0,32,32,0,1,1,4294967295
tile01,2848,1600,32,0,32,32,0,1,1,4294967295
tile01,2880,1600,32,0,32,32,0,1,1,4294967295
tile01,2912,1600,32,0,32,32,0,1,1,4294967295
tile01,2944,1600,32,0,32,32,0,1,1,4294967295
tile01,2976,1600,32,0,32,32,0,1,1,4294967295
tile01,2976,1632,32,0,32,32,0,1,1,4294967295
tile01,2976,1664,32,0,32,32,0,1,1,4294967295
tile01,2976,1696,32,0,32,32,0,1,1,4294967295
tile01,2976,1728,32,0,32,32,0,1,1,4294967295
tile01,2944,1728,32,0,32,32,0,1,1,4294967295
tile01,2912,1728,32,0,32,32,0,1,1,4294967295
tile01,2880,1728,32,0,32,32,0,1,1,4294967295
tile01,2880,1696,32,0,32,32,0,1,1,4294967295
tile01,2880,1664,32,0,32,32,0,1,1,4294967295
tile01,2880,1632,32,0,32,32,0,1,1,4294967295
tile01,2912,1632,32,0,32,32,0,1,1,4294967295
tile01,2944,1632,32,0,32,32,0,1,1,4294967295
tile01,2944,1664,32,0,32,32,0,1,1,4294967295
tile01,2944,1696,32,0,32,32,0,1,1,4294967295
tile01,2912,1664,32,0,32,32,0,1,1,4294967295
tile01,2912,1696,32,0,32,32,0,1,1,4294967295
tile01,3264,1376,32,0,32,32,0,1,1,4294967295
tile01,3264,1408,32,0,32,32,0,1,1,4294967295
tile01,3264,1440,32,0,32,32,0,1,1,4294967295
tile01,3264,1472,32,0,32,32,0,1,1,4294967295
tile01,3264,1504,32,0,32,32,0,1,1,4294967295
tile01,3296,1504,32,0,32,32,0,1,1,4294967295
tile01,3328,1504,32,0,32,32,0,1,1,4294967295
tile01,3360,1504,32,0,32,32,0,1,1,4294967295
tile01,3392,1504,32,0,32,32,0,1,1,4294967295
tile01,3392,1472,32,0,32,32,0,1,1,4294967295
tile01,3392,1440,32,0,32,32,0,1,1,4294967295
tile01,3392,1408,32,0,32,32,0,1,1,4294967295
tile01,3296,1376,32,0,32,32,0,1,1,4294967295
tile01,3392,1376,0,0,32,32,0,1,1,4294967295
tile01,3360,1376,0,0,32,32,0,1,1,4294967295
tile01,3328,1376,0,0,32,32,0,1,1,4294967295
tile01,3360,1408,32,0,32,32,0,1,1,4294967295
tile01,3328,1408,32,0,32,32,0,1,1,4294967295
tile01,3296,1408,32,0,32,32,0,1,1,4294967295
tile01,3296,1440,32,0,32,32,0,1,1,4294967295
tile01,3296,1472,32,0,32,32,0,1,1,4294967295
tile01,3328,1472,32,0,32,32,0,1,1,4294967295
tile01,3360,1472,32,0,32,32,0,1,1,4294967295
tile01,3360,1440,32,0,32,32,0,1,1,4294967295
tile01,3328,1440,32,0,32,32,0,1,1,4294967295
tile01,3648,1760,32,0,32,32,0,1,1,4294967295
tile01,3648,1792,32,0,32,32,0,1,1,4294967295
tile01,3616,1760,32,0,32,32,0,1,1,4294967295
tile01,3616,1792,32,0,32,32,0,1,1,4294967295
tile01,3584,1792,32,0,32,32,0,1,1,4294967295
tile01,3584,1760,32,0,32,32,0,1,1,4294967295
tile01,3552,1760,32,0,32,32,0,1,1,4294967295
tile01,3552,1792,32,0,32,32,0,1,1,4294967295
tile01,3520,1792,32,0,32,32,0,1,1,4294967295
tile01,3520,1760,32,0,32,32,0,1,1,4294967295
tile01,3488,1760,32,0,32,32,0,1,1,4294967295
tile01,3456,1760,32,0,32,32,0,1,1,4294967295
tile01,3456,1792,32,0,32,32,0,1,1,4294967295
tile01,3488,1792,32,0,32,32,0,1,1,4294967295
tile01,3424,1792,32,0,32,32,0,1,1,4294967295
tile01,3424,1760,32,0,32,32,0,1,1,4294967295
tile01,3392,1760,32,0,32,32,0,1,1,4294967295
tile01,3392,1792,32,0,32,32,0,1,1,4294967295
tile01,3360,1792,32,0,32,32,0,1,1,4294967295
tile01,3328,1792,32,0,32,32,0,1,1,4294967295
tile01,3296,1792,32,0,32,32,0,1,1,4294967295
tile01,3264,1792,32,0,32,32,0,1,1,4294967295
tile01,3232,1792,32,0,32,32,0,1,1,4294967295
tile01,3200,1792,32,0,32,32,0,1,1,4294967295
tile01,3168,1792,32,0,32,32,0,1,1,4294967295
tile01,3136,1792,32,0,32,32,0,1,1,4294967295
tile01,3136,1760,32,0,32,32,0,1,1,4294967295
tile01,3104,1760,32,0,32,32,0,1,1,4294967295
tile01,3104,1792,32,0,32,32,0,1,1,4294967295
tile01,3168,1760,32,0,32,32,0,1,1,4294967295
tile01,3200,1760,32,0,32,32,0,1,1,4294967295
tile01,3232,1760,32,0,32,32,0,1,1,4294967295
tile01,3264,1760,32,0,32,32,0,1,1,4294967295
tile01,3296,1760,32,0,32,32,0,1,1,4294967295
tile01,3328,1760,32,0,32,32,0,1,1,4294967295
tile01,3360,1760,32,0,32,32,0,1,1,4294967295
tile01,3968,1792,32,0,32,32,0,1,1,4294967295
tile01,3968,1760,32,0,32,32,0,1,1,4294967295
tile01,3936,1760,32,0,32,32,0,1,1,4294967295
tile01,3904,1760,32,0,32,32,0,1,1,4294967295
tile01,3872,1760,32,0,32,32,0,1,1,4294967295
tile01,3840,1760,32,0,32,32,0,1,1,4294967295
tile01,3808,1760,32,0,32,32,0,1,1,4294967295
tile01,3776,1760,32,0,32,32,0,1,1,4294967295
tile01,3744,1760,32,0,32,32,0,1,1,4294967295
tile01,3744,1792,32,0,32,32,0,1,1,4294967295
tile01,3776,1792,32,0,32,32,0,1,1,4294967295
tile01,3808,1792,32,0,32,32,0,1,1,4294967295
tile01,3840,1792,32,0,32,32,0,1,1,4294967295
tile01,3872,1792,32,0,32,32,0,1,1,4294967295
tile01,3904,1792,32,0,32,32,0,1,1,4294967295
tile01,3936,1792,32,0,32,32,0,1,1,4294967295
tile01,3264,1536,32,0,32,32,0,1,1,4294967295
tile01,3264,1568,32,0,32,32,0,1,1,4294967295
tile01,3296,1568,32,0,32,32,0,1,1,4294967295
tile01,3328,1568,32,0,32,32,0,1,1,4294967295
tile01,3360,1568,32,0,32,32,0,1,1,4294967295
tile01,3392,1568,32,0,32,32,0,1,1,4294967295
tile01,3392,1536,32,0,32,32,0,1,1,4294967295
tile01,3360,1536,32,0,32,32,0,1,1,4294967295
tile01,3328,1536,32,0,32,32,0,1,1,4294967295
tile01,3296,1536,32,0,32,32,0,1,1,4294967295
