tTriggerFieldV,448,32,A8FEBA16,0,1,1,4294967295,0,0
tTriggerFieldV,448,128,BEAB309D,0,1,1,4294967295,0,0
tTriggerFieldV,448,224,2B2DFDE8,0,1,1,4294967295,0,0
tTriggerFieldV,448,256,D21650DF,0,1,1,4294967295,0,0
trigger,448,32,C44165E0,0,1,3,4294967295,0,0
LLvyR,288,416,1892A04B,0,1,1,4294967295,0,0
LLvyR,288,448,E52297E3,0,1,1,4294967295,0,0
LLvyR,288,480,1186BAFC,0,1,1,4294967295,0,0
LLvyL,128,288,5F4BA6F4,0,1,1,4294967295,0,0
LLvyL,128,320,ED544432,0,1,1,4294967295,0,0
LLvyL,128,352,AE85436F,0,1,1,4294967295,0,0
spikeRight,160,448,5A952FBE,0,1,1,4294967295,0,0
blockMove,256,320,68614567,0,1,1,4294967295,0,1
spikeRight,448,128,BF4AD556,0,1,1,4294967295,0,1
spikeRight,448,384,DE3981DD,0,1,1,4294967295,0,0
spikeUp,480,416,79C48422,0,1,1,4294967295,0,0
spikeUp,512,448,23DC4444,0,1,1,4294967295,0,0
spikeUp,544,480,2E05A93E,0,1,1,4294967295,0,0
spikeUp,576,512,CD7E53A1,0,1,1,4294967295,0,0
spikeUp,608,512,880BC394,0,1,1,4294967295,0,0
spikeUp,640,512,98227A82,0,1,1,4294967295,0,0
spikeUp,672,512,B5D121E7,0,1,1,4294967295,0,0
blockInvis,448,416,9CCFD67A,0,1,1,4294967295,0,0
spikeRight,448,160,4E1FBC56,0,1,1,4294967295,0,1
spikeRight,448,192,19E32B85,0,1,1,4294967295,0,1
spikeRight,448,224,EE9C0AE6,0,1,1,4294967295,0,1
spikeRight,448,256,F16E4420,0,1,1,4294967295,0,1
spikeRight,448,288,D6FBDB8E,0,1,1,4294967295,0,1
spikeRight,448,320,C1DA3CDC,0,1,1,4294967295,0,1
spikeRight,448,352,8A70B679,0,1,1,4294967295,0,1
savePointHard,96,512,E9DC6DD5,0,1,1,4294967295,0,0
spikeLeft,256,128,248FA1C1,0,1,1,4294967295,0,0
spikeLeft,256,160,F66F2CAB,0,1,1,4294967295,0,0
tActiver,448,144,34BEDEE2,0,1,1,4294967295,0,0
tActiver,448,176,C6080A66,0,1,1,4294967295,0,0
tActiver,448,208,9EE9B332,0,1,1,4294967295,0,0
tActiver,448,240,6C89A5AE,0,1,1,4294967295,0,0
tActiver,448,272,9ED2C541,0,1,1,4294967295,0,0
tActiver,448,304,E7EFDC48,0,1,1,4294967295,0,0
tActiver,448,336,1B882669,0,1,1,4294967295,0,0
tActiver,448,368,516CCE38,0,1,1,4294967295,0,0
block,0,448,B6E76BF8,0,1,1,4294967295,0,0
block,32,448,7164AE34,0,1,1,4294967295,0,0
block,64,448,3E808C8D,0,1,1,4294967295,0,0
block,96,448,8BEABC18,0,1,1,4294967295,0,0
block,128,448,F8114764,0,1,1,4294967295,0,0
block,128,416,949329BB,0,1,1,4294967295,0,0
block,128,384,1BF1AE33,0,1,1,4294967295,0,0
block,128,352,A51A4B40,0,1,1,4294967295,0,0
block,128,320,D1D3FBF4,0,1,1,4294967295,0,0
block,128,288,29F79CD8,0,1,1,4294967295,0,0
block,128,256,82ACA979,0,1,1,4294967295,0,0
block,128,224,7A07EC88,0,1,1,4294967295,0,0
block,128,192,F2F6EC25,0,1,1,4294967295,0,0
block,128,160,CC73DD80,0,1,1,4294967295,0,0
block,128,128,841E84CF,0,1,1,4294967295,0,0
block,128,96,9216C485,0,1,1,4294967295,0,0
block,128,64,2524480F,0,1,1,4294967295,0,0
block,128,32,99552492,0,1,1,4294967295,0,0
block,128,0,FF97FA41,0,1,1,4294967295,0,0
block,288,128,08447B58,0,5,15,4294967295,0,0
block,0,576,0F890350,0,1,1,4294967295,0,0
block,32,576,198753BC,0,1,1,4294967295,0,0
block,64,576,CCE27408,0,1,1,4294967295,0,0
block,96,576,66380440,0,1,1,4294967295,0,0
block,128,576,F3A60773,0,1,1,4294967295,0,0
block,160,576,3A0DC28C,0,1,1,4294967295,0,0
block,192,576,B6BF055D,0,1,1,4294967295,0,0
block,224,576,4AADAE41,0,1,1,4294967295,0,0
block,256,576,74DC8CEA,0,1,1,4294967295,0,0
block,448,0,EDF888F1,0,1,1,4294967295,0,0
block,480,0,2EF09EB8,0,1,1,4294967295,0,0
block,480,32,B03D11E0,0,1,1,4294967295,0,0
block,480,64,9B44C0DC,0,1,1,4294967295,0,0
block,512,64,F0D75313,0,1,1,4294967295,0,0
block,512,96,9554FF22,0,1,1,4294967295,0,0
block,512,128,018AF99F,0,1,1,4294967295,0,0
block,512,160,B6BEF98D,0,1,1,4294967295,0,0
block,544,192,13150C02,0,1,1,4294967295,0,0
block,544,224,B9CA5EFD,0,1,1,4294967295,0,0
block,576,224,6A40864D,0,1,1,4294967295,0,0
block,576,256,684DE91F,0,1,1,4294967295,0,0
block,576,288,6366B137,0,1,1,4294967295,0,0
block,608,288,7645E96B,0,1,1,4294967295,0,0
block,608,320,BA15371F,0,1,1,4294967295,0,0
block,640,320,B34E8A14,0,1,1,4294967295,0,0
block,672,320,84C60CB1,0,1,1,4294967295,0,0
block,672,352,E266EAB7,0,1,1,4294967295,0,0
block,704,352,3A95FE6C,0,1,1,4294967295,0,0
block,704,384,EF6E9930,0,1,1,4294967295,0,0
block,736,384,19FA598A,0,1,1,4294967295,0,0
block,768,384,B52A7A60,0,1,1,4294967295,0,0
block,768,416,0270ED65,0,1,1,4294967295,0,0
block,448,448,E66FDEF4,0,1,1,4294967295,0,0
block,480,448,193626C1,0,1,1,4294967295,0,0
block,480,480,72712890,0,1,1,4294967295,0,0
block,512,480,82C1658F,0,1,1,4294967295,0,0
block,512,512,6DE5A970,0,1,1,4294967295,0,0
block,544,512,F0E6129A,0,1,1,4294967295,0,0
block,576,544,992C9EF2,0,1,1,4294967295,0,0
block,608,544,B9FDF848,0,1,1,4294967295,0,0
block,640,544,3748E36F,0,1,1,4294967295,0,0
block,672,544,BEE02A53,0,1,1,4294967295,0,0
block,672,576,A5B0DEAD,0,1,1,4294967295,0,0
block,704,576,0FB56941,0,1,1,4294967295,0,0
block,736,576,00CF7EFD,0,1,1,4294967295,0,0
block,768,576,A6555C4B,0,1,1,4294967295,0,0
block,544,160,158C16A0,0,1,1,4294967295,0,0
