tTriggerFieldSq,256,352,565119B9,0,1,5,4294967295,0,0
tTriggerFieldSq,1792,0,A8DC3DBA,0,4.75,6.5,4294967295,0,0
tTriggerFieldSq,768,608,72AC6F2B,0,1,1.75,4294967295,0,0
tTriggerFieldSq,992,608,93D55C6E,0,1,1.75,4294967295,0,0
tTriggerFieldSq,1120,608,DC4B523C,0,1,1.75,4294967295,0,0
tTriggerFieldSq,1248,608,FF46058B,0,1,1.75,4294967295,0,0
tTriggerFieldSq,1504,608,BF4033CA,0,1,1.75,4294967295,0,0
trigger,256,352,1E47BC38,0,1,20,4294967295,0,0
trigger,800,608,7460C63C,0,1,7,4294967295,0,0
trigger,1024,608,AE5A8155,0,1,7,4294967295,0,0
trigger,1152,608,1253A60F,0,1,7,4294967295,0,0
trigger,1280,608,27394243,0,1,7,4294967295,0,0
trigger,1536,608,AA23D4D1,0,1,7,4294967295,0,0
trigger,2000,0,37D6D437,0,1,11,4294967295,0,0
spikeLeft,448,800,EF4E92B2,0,1,1,4294967295,0,0
spikeLeft,448,832,2D3E9DAE,0,1,1,4294967295,0,0
LvyR,480,864,7C8EFF47,0,1,1,4294967295,0,0
LvyR,480,896,ED1D6223,0,1,1,4294967295,0,0
LvyR,480,928,3276CBF2,0,1,1,4294967295,0,0
spikeUp,160,928,69F923C0,0,1,1,4294967295,0,0
spikeUp,192,928,6A7FEBBC,0,1,1,4294967295,0,0
spikeUp,224,928,D466C2E8,0,1,1,4294967295,0,0
spikeUp,256,960,E5A94566,0,1,1,4294967295,0,1
spikeUp,288,960,FF489E37,0,1,1,4294967295,0,1
spikeUp,320,960,F7B88ADB,0,1,1,4294967295,0,1
spikeUp,352,960,CE6DFB60,0,1,1,4294967295,0,1
savePoint,96,864,FB871B9C,0,1,1,4294967295,0,0
movingPlatform,672,800,03B54F35,0,1,1,4294967295,0,1
deliciousFruit,676,731,61CD0F02,0,1,1,4294967295,0,0
deliciousFruit,779,648,9D4B1898,0,1,1,4294967295,0,1
deliciousFruit,827,712,238C242E,0,1,1,4294967295,0,1
deliciousFruit,955,647,D4EA34FC,0,1,1,4294967295,0,0
deliciousFruit,1044,607,2EBB478A,0,1,1,4294967295,0,1
deliciousFruit,1129,695,3E0FBA83,0,1,1,4294967295,0,0
deliciousFruit,1165,618,842FD802,0,1,1,4294967295,0,1
deliciousFruit,1196,684,E9DF38C4,0,1,1,4294967295,0,0
deliciousFruit,1291,650,747FE517,0,1,1,4294967295,0,1
deliciousFruit,1305,706,90093010,0,1,1,4294967295,0,1
deliciousFruit,1403,634,76DBA1AF,0,1,1,4294967295,0,0
deliciousFruit,1464,662,26E64190,0,1,1,4294967295,0,0
deliciousFruit,1548,720,7EA66D74,0,1,1,4294967295,0,1
deliciousFruit,1062,670,5AB55FD7,0,1,1,4294967295,0,1
spikeLeft,1696,640,1634BD0E,0,1,1,4294967295,0,0
deliciousFruit,1881,470,FAB0FAB7,0,1,1,4294967295,0,1
deliciousFruit,1913,427,4B085A61,0,1,1,4294967295,0,1
deliciousFruit,1975,593,3399633A,0,1,1,4294967295,0,1
deliciousFruit,2094,485,A3C01051,0,1,1,4294967295,0,1
deliciousFruit,2269,591,3D13D1C3,0,1,1,4294967295,0,1
deliciousFruit,2145,643,1674453B,0,1,1,4294967295,0,1
deliciousFruit,2065,597,78410764,0,1,1,4294967295,0,1
deliciousFruit,2031,486,13EA7AB2,0,1,1,4294967295,0,1
deliciousFruit,2204,440,9A3DBCF8,0,1,1,4294967295,0,1
deliciousFruit,2221,553,6352EBF4,0,1,1,4294967295,0,1
deliciousFruit,2147,555,D13973C2,0,1,1,4294967295,0,1
deliciousFruit,1979,467,B12561BE,0,1,1,4294967295,0,1
deliciousFruit,1897,589,DA1F12A9,0,1,1,4294967295,0,1
deliciousFruit,1951,709,82A32B6A,0,1,1,4294967295,0,1
deliciousFruit,2310,455,6451C67A,0,1,1,4294967295,0,1
deliciousFruit,2352,541,CEA15360,0,1,1,4294967295,0,1
deliciousFruit,2324,625,0E554F05,0,1,1,4294967295,0,1
deliciousFruit,2307,744,732C9951,0,1,1,4294967295,0,1
deliciousFruit,2240,642,8987F17D,0,1,1,4294967295,0,1
deliciousFruit,2217,720,4EF10718,0,1,1,4294967295,0,1
deliciousFruit,2116,761,10865036,0,1,1,4294967295,0,1
deliciousFruit,2194,666,93C5D809,0,1,1,4294967295,0,1
deliciousFruit,2091,661,7093C564,0,1,1,4294967295,0,1
deliciousFruit,2046,739,C12DCF41,0,1,1,4294967295,0,1
deliciousFruit,2171,456,2F5435DC,0,1,1,4294967295,0,1
deliciousFruit,1849,507,1D0E02C4,0,1,1,4294967295,0,1
deliciousFruit,1848,655,A05CC79F,0,1,1,4294967295,0,1
deliciousFruit,1907,713,46AFE8AB,0,1,1,4294967295,0,1
deliciousFruit,1855,570,6F209F7F,0,1,1,4294967295,0,1
deliciousFruit,1817,617,8CD68C24,0,1,1,4294967295,0,1
deliciousFruit,1841,737,75935F07,0,1,1,4294967295,0,1
deliciousFruit,1917,807,9A575913,0,1,1,4294967295,0,1
deliciousFruit,2022,699,2D951331,0,1,1,4294967295,0,1
deliciousFruit,1937,619,28B406EB,0,1,1,4294967295,0,1
LvyR,1728,608,EA5377EF,0,1,1,4294967295,0,0
tActiver,368,976,78D3D533,0,1,1,4294967295,0,0
tActiver,336,976,4B0C6EA1,0,1,1,4294967295,0,0
tActiver,304,976,D94BFD24,0,1,1,4294967295,0,0
tActiver,272,976,809DB8F7,0,1,1,4294967295,0,0
tActiver,779,644,892B9763,0,1,1,4294967295,0,0
tActiver,826,709,7B133149,0,1,1,4294967295,0,0
tActiver,1040,604,E503C908,0,1,1,4294967295,0,0
tActiver,1062,669,990A3854,0,1,1,4294967295,0,0
tActiver,1164,615,3D93CFAE,0,1,1,4294967295,0,0
tActiver,1288,648,A7C98CE9,0,1,1,4294967295,0,0
tActiver,1302,703,62BD65CE,0,1,1,4294967295,0,0
tActiver,1550,714,4ECB0AD6,0,1,1,4294967295,0,0
tActiver,1944,425,91E5C59E,0,1,1,4294967295,0,0
tActiver,1934,424,E7AA10C6,0,1,1,4294967295,0,0
tActiver,1927,423,BAFC17DB,0,1,1,4294967295,0,0
tActiver,1920,422,C6629BFC,0,1,1,4294967295,0,0
tActiver,1911,422,9D1E159C,0,1,1,4294967295,0,0
tActiver,1902,423,1860CBF5,0,1,1,4294967295,0,0
tActiver,1895,427,8FB8E3EF,0,1,1,4294967295,0,0
tActiver,1893,435,CB3FAD89,0,1,1,4294967295,0,0
tActiver,1889,442,39923D35,0,1,1,4294967295,0,0
tActiver,1887,449,93E50E1E,0,1,1,4294967295,0,0
tActiver,1884,457,081B72B6,0,1,1,4294967295,0,0
tActiver,1881,464,1BEDDDE5,0,1,1,4294967295,0,0
tActiver,1877,472,4A17EB51,0,1,1,4294967295,0,0
tActiver,1868,479,50DA180F,0,1,1,4294967295,0,0
tActiver,1861,486,FC71B134,0,1,1,4294967295,0,0
tActiver,1854,493,56B341B4,0,1,1,4294967295,0,0
tActiver,1848,501,9C19A483,0,1,1,4294967295,0,0
tActiver,1845,508,F2645388,0,1,1,4294967295,0,0
tActiver,1845,517,C4137001,0,1,1,4294967295,0,0
tActiver,1844,530,8C5C3DA8,0,1,1,4294967295,0,0
tActiver,1843,540,1005DAF5,0,1,1,4294967295,0,0
tActiver,1848,548,9B3C84D9,0,1,1,4294967295,0,0
tActiver,1854,555,62171082,0,1,1,4294967295,0,0
tActiver,1859,565,7AD86EC6,0,1,1,4294967295,0,0
tActiver,1862,572,EE42B5AB,0,1,1,4294967295,0,0
tActiver,1850,581,FD71D831,0,1,1,4294967295,0,0
tActiver,1840,587,8DAE15B0,0,1,1,4294967295,0,0
tActiver,1832,590,5CDADB31,0,1,1,4294967295,0,0
tActiver,1825,592,05434E4F,0,1,1,4294967295,0,0
tActiver,1815,598,7693B831,0,1,1,4294967295,0,0
tActiver,1816,608,12D6957F,0,1,1,4294967295,0,0
tActiver,1826,618,FC4AE76E,0,1,1,4294967295,0,0
tActiver,1833,624,AA596F24,0,1,1,4294967295,0,0
tActiver,1835,632,D3A9C699,0,1,1,4294967295,0,0
tActiver,1836,639,16B9A83A,0,1,1,4294967295,0,0
tActiver,1837,646,E2B53CC1,0,1,1,4294967295,0,0
tActiver,1838,653,28BFC766,0,1,1,4294967295,0,0
tActiver,1840,660,B11D3138,0,1,1,4294967295,0,0
tActiver,1842,671,824E2905,0,1,1,4294967295,0,0
tActiver,1843,682,151AD24F,0,1,1,4294967295,0,0
tActiver,1843,691,CFAFF5C9,0,1,1,4294967295,0,0
tActiver,1841,701,08DD7E32,0,1,1,4294967295,0,0
tActiver,1840,710,9686C4EB,0,1,1,4294967295,0,0
tActiver,1839,717,1BAF08DC,0,1,1,4294967295,0,0
tActiver,1839,724,E75D4AB9,0,1,1,4294967295,0,0
tActiver,1839,731,603D3FF5,0,1,1,4294967295,0,0
tActiver,1843,738,6A52F962,0,1,1,4294967295,0,0
tActiver,1855,750,156C789E,0,1,1,4294967295,0,0
tActiver,1865,756,2DEAEB79,0,1,1,4294967295,0,0
tActiver,1873,761,11038104,0,1,1,4294967295,0,0
tActiver,1883,771,499C29C4,0,1,1,4294967295,0,0
tActiver,1890,780,D58E39FB,0,1,1,4294967295,0,0
tActiver,1901,788,F773DFD7,0,1,1,4294967295,0,0
tActiver,1908,795,DD8BE810,0,1,1,4294967295,0,0
tActiver,1916,800,A71B77F7,0,1,1,4294967295,0,0
tActiver,1923,797,ABD778A7,0,1,1,4294967295,0,0
tActiver,1923,788,1C01ED78,0,1,1,4294967295,0,0
tActiver,1922,781,1983F62B,0,1,1,4294967295,0,0
tActiver,1918,768,DD93E9B8,0,1,1,4294967295,0,0
tActiver,1917,755,657DF04A,0,1,1,4294967295,0,0
tActiver,1916,740,3F9BC297,0,1,1,4294967295,0,0
tActiver,1915,732,A411C547,0,1,1,4294967295,0,0
tActiver,1914,725,7BD3476C,0,1,1,4294967295,0,0
tActiver,1912,718,9E19A3F8,0,1,1,4294967295,0,0
tActiver,1919,716,2612F93B,0,1,1,4294967295,0,0
tActiver,1929,714,2FFCB9F6,0,1,1,4294967295,0,0
tActiver,1939,710,16893D10,0,1,1,4294967295,0,0
tActiver,1948,706,42CAC0E9,0,1,1,4294967295,0,0
tActiver,1956,704,CD75C411,0,1,1,4294967295,0,0
tActiver,1949,697,961092AB,0,1,1,4294967295,0,0
tActiver,1941,695,6B4C459A,0,1,1,4294967295,0,0
tActiver,1932,692,08220F73,0,1,1,4294967295,0,0
tActiver,1918,690,089D429E,0,1,1,4294967295,0,0
tActiver,1908,687,A51D5829,0,1,1,4294967295,0,0
tActiver,1900,684,2B91BF77,0,1,1,4294967295,0,0
tActiver,1893,682,2727434E,0,1,1,4294967295,0,0
tActiver,1884,679,103399B1,0,1,1,4294967295,0,0
tActiver,1877,673,A7EA6062,0,1,1,4294967295,0,0
tActiver,1870,668,1F28BCDE,0,1,1,4294967295,0,0
tActiver,1864,661,6545E730,0,1,1,4294967295,0,0
tActiver,1858,653,E5286D60,0,1,1,4294967295,0,0
tActiver,1853,646,630D679B,0,1,1,4294967295,0,0
tActiver,1859,636,374F3F9D,0,1,1,4294967295,0,0
tActiver,1872,622,257A8230,0,1,1,4294967295,0,0
tActiver,1883,611,CC1C691A,0,1,1,4294967295,0,0
tActiver,1890,605,4F467416,0,1,1,4294967295,0,0
tActiver,1889,598,868FFE6B,0,1,1,4294967295,0,0
tActiver,1899,593,481BF777,0,1,1,4294967295,0,0
tActiver,1906,594,E3AA0605,0,1,1,4294967295,0,0
tActiver,1914,597,4105DB77,0,1,1,4294967295,0,0
tActiver,1923,604,084EA197,0,1,1,4294967295,0,0
tActiver,1929,612,6FDE9F8D,0,1,1,4294967295,0,0
tActiver,1937,616,BA9A911F,0,1,1,4294967295,0,0
tActiver,1945,617,EC103773,0,1,1,4294967295,0,0
tActiver,1952,617,FFEDB117,0,1,1,4294967295,0,0
tActiver,1962,613,9620F2E9,0,1,1,4294967295,0,0
tActiver,1969,607,AB512AE2,0,1,1,4294967295,0,0
tActiver,1977,596,61B2B01E,0,1,1,4294967295,0,0
tActiver,1984,583,63AB6BBC,0,1,1,4294967295,0,0
tActiver,1988,576,7CA1FD74,0,1,1,4294967295,0,0
tActiver,1995,573,257DA2CB,0,1,1,4294967295,0,0
tActiver,1999,585,6E97868C,0,1,1,4294967295,0,0
tActiver,2001,592,C1C2EECC,0,1,1,4294967295,0,0
tActiver,2002,599,5995FD46,0,1,1,4294967295,0,0
tActiver,2002,609,DD8DECC3,0,1,1,4294967295,0,0
tActiver,2003,618,43D46532,0,1,1,4294967295,0,0
tActiver,2003,626,6D780A88,0,1,1,4294967295,0,0
tActiver,2003,637,0885658A,0,1,1,4294967295,0,0
tActiver,2005,647,6EE78F99,0,1,1,4294967295,0,0
tActiver,2007,654,DA2F5195,0,1,1,4294967295,0,0
tActiver,2010,666,B3F192A8,0,1,1,4294967295,0,0
tActiver,2013,676,FFAE43B7,0,1,1,4294967295,0,0
tActiver,2018,684,89F2E297,0,1,1,4294967295,0,0
tActiver,2020,691,9E92AC9B,0,1,1,4294967295,0,0
tActiver,2023,703,435B4BCB,0,1,1,4294967295,0,0
tActiver,2024,710,2360C177,0,1,1,4294967295,0,0
tActiver,2036,722,280F500C,0,1,1,4294967295,0,0
tActiver,2043,728,889EEE29,0,1,1,4294967295,0,0
tActiver,2051,734,C5A35E1C,0,1,1,4294967295,0,0
tActiver,2058,738,28C28185,0,1,1,4294967295,0,0
tActiver,2065,744,177BD7A1,0,1,1,4294967295,0,0
tActiver,2072,746,3D253C75,0,1,1,4294967295,0,0
tActiver,2082,748,C4EE249A,0,1,1,4294967295,0,0
tActiver,2091,751,104D5119,0,1,1,4294967295,0,0
tActiver,2099,753,4C705307,0,1,1,4294967295,0,0
tActiver,2106,753,E4BFC5F5,0,1,1,4294967295,0,0
tActiver,2115,753,2512B9DF,0,1,1,4294967295,0,0
tActiver,2123,752,ABCF895E,0,1,1,4294967295,0,0
tActiver,2135,753,E1439867,0,1,1,4294967295,0,0
tActiver,2142,753,6F19513F,0,1,1,4294967295,0,0
tActiver,2154,751,A22EFB3C,0,1,1,4294967295,0,0
tActiver,2175,746,38A98BBF,0,1,1,4294967295,0,0
tActiver,2190,743,F6F738B4,0,1,1,4294967295,0,0
tActiver,2202,738,F0B3B40A,0,1,1,4294967295,0,0
tActiver,2217,733,4AFFABCB,0,1,1,4294967295,0,0
tActiver,2227,729,A2A342E6,0,1,1,4294967295,0,0
tActiver,2235,725,C3BB8996,0,1,1,4294967295,0,0
tActiver,2242,723,8751597C,0,1,1,4294967295,0,0
tActiver,2226,718,045D5B3E,0,1,1,4294967295,0,0
tActiver,2219,716,640805CE,0,1,1,4294967295,0,0
tActiver,2252,724,9699C370,0,1,1,4294967295,0,0
tActiver,2274,729,912CBABD,0,1,1,4294967295,0,0
tActiver,2287,732,ED1D611E,0,1,1,4294967295,0,0
tActiver,2295,734,89953453,0,1,1,4294967295,0,0
tActiver,2303,736,D289003B,0,1,1,4294967295,0,0
tActiver,2309,727,4AE1D714,0,1,1,4294967295,0,0
tActiver,2310,720,37E0F46E,0,1,1,4294967295,0,0
tActiver,2308,708,966ECBEF,0,1,1,4294967295,0,0
tActiver,2306,700,D09C3CCB,0,1,1,4294967295,0,0
tActiver,2301,692,3DA10D69,0,1,1,4294967295,0,0
tActiver,2297,685,0B843E29,0,1,1,4294967295,0,0
tActiver,2292,678,D22BDEFF,0,1,1,4294967295,0,0
tActiver,2281,674,3293E68B,0,1,1,4294967295,0,0
tActiver,2270,672,A402C253,0,1,1,4294967295,0,0
tActiver,2261,671,C892FAD2,0,1,1,4294967295,0,0
tActiver,2249,669,01E70D3E,0,1,1,4294967295,0,0
tActiver,2240,669,9D7ACF9C,0,1,1,4294967295,0,0
tActiver,2230,667,531E26EB,0,1,1,4294967295,0,0
tActiver,2223,666,C4A1E6C3,0,1,1,4294967295,0,0
tActiver,2215,664,84130279,0,1,1,4294967295,0,0
tActiver,2205,661,8D191BFB,0,1,1,4294967295,0,0
tActiver,2206,653,C2624578,0,1,1,4294967295,0,0
tActiver,2215,650,9B5193D1,0,1,1,4294967295,0,0
tActiver,2225,645,3CC110CB,0,1,1,4294967295,0,0
tActiver,2235,639,F7131E1A,0,1,1,4294967295,0,0
tActiver,2244,635,C3C1D254,0,1,1,4294967295,0,0
tActiver,2252,631,BE1153B6,0,1,1,4294967295,0,0
tActiver,2259,631,A76BC572,0,1,1,4294967295,0,0
tActiver,2270,632,9359C147,0,1,1,4294967295,0,0
tActiver,2278,634,19B2BE26,0,1,1,4294967295,0,0
tActiver,2288,636,C76D5BD7,0,1,1,4294967295,0,0
tActiver,2298,638,E3DEDA1B,0,1,1,4294967295,0,0
tActiver,2306,638,60781C84,0,1,1,4294967295,0,0
tActiver,2315,631,A21F31D9,0,1,1,4294967295,0,0
tActiver,2316,621,73AAA14F,0,1,1,4294967295,0,0
tActiver,2316,613,AA5A7143,0,1,1,4294967295,0,0
tActiver,2307,606,55198D7D,0,1,1,4294967295,0,0
tActiver,2300,604,3D27C066,0,1,1,4294967295,0,0
tActiver,2289,599,973D11C4,0,1,1,4294967295,0,0
tActiver,2279,591,16C428D7,0,1,1,4294967295,0,0
tActiver,2272,586,8CD1C289,0,1,1,4294967295,0,0
tActiver,2264,585,28BE6905,0,1,1,4294967295,0,0
tActiver,2254,587,0F7454D1,0,1,1,4294967295,0,0
tActiver,2245,589,1D66A505,0,1,1,4294967295,0,0
tActiver,2239,596,19420BC2,0,1,1,4294967295,0,0
tActiver,2236,605,3BFB4331,0,1,1,4294967295,0,0
tActiver,2227,624,AB8AD99C,0,1,1,4294967295,0,0
tActiver,2224,633,07DD290A,0,1,1,4294967295,0,0
tActiver,2197,654,43C98CFE,0,1,1,4294967295,0,0
tActiver,2192,661,E19AF294,0,1,1,4294967295,0,0
tActiver,2179,657,93C80F02,0,1,1,4294967295,0,0
tActiver,2172,654,D75C2166,0,1,1,4294967295,0,0
tActiver,2163,646,59E049AB,0,1,1,4294967295,0,0
tActiver,2155,639,30AB5109,0,1,1,4294967295,0,0
tActiver,2149,631,D553E9A8,0,1,1,4294967295,0,0
tActiver,2140,628,206863D6,0,1,1,4294967295,0,0
tActiver,2132,635,C01E0B0E,0,1,1,4294967295,0,0
tActiver,2125,642,BFE1A899,0,1,1,4294967295,0,0
tActiver,2116,648,A4599CDB,0,1,1,4294967295,0,0
tActiver,2109,652,112C1D4A,0,1,1,4294967295,0,0
tActiver,2102,655,E3946AE4,0,1,1,4294967295,0,0
tActiver,2095,658,90376980,0,1,1,4294967295,0,0
tActiver,2088,659,3CD8CF82,0,1,1,4294967295,0,0
tActiver,2081,658,4B179BCF,0,1,1,4294967295,0,0
tActiver,2075,648,64B202F4,0,1,1,4294967295,0,0
tActiver,2070,639,A5187E48,0,1,1,4294967295,0,0
tActiver,2067,632,FCD8397B,0,1,1,4294967295,0,0
tActiver,2064,625,191BB1A6,0,1,1,4294967295,0,0
tActiver,2062,616,DAD3027C,0,1,1,4294967295,0,0
tActiver,2062,608,10861E9E,0,1,1,4294967295,0,0
tActiver,2061,598,2C7058FC,0,1,1,4294967295,0,0
tActiver,2060,591,68B08F6D,0,1,1,4294967295,0,0
tActiver,2069,589,D30EAB72,0,1,1,4294967295,0,0
tActiver,2078,586,FDE5B83B,0,1,1,4294967295,0,0
tActiver,2086,583,688F5734,0,1,1,4294967295,0,0
tActiver,2095,579,90A19CD5,0,1,1,4294967295,0,0
tActiver,2105,576,5396DE95,0,1,1,4294967295,0,0
tActiver,2117,571,AB0F464E,0,1,1,4294967295,0,0
tActiver,2124,570,34F48809,0,1,1,4294967295,0,0
tActiver,2132,567,BA6D9DDD,0,1,1,4294967295,0,0
tActiver,2140,561,059B515D,0,1,1,4294967295,0,0
tActiver,2149,558,4433EE10,0,1,1,4294967295,0,0
tActiver,2162,553,39A8ABEB,0,1,1,4294967295,0,0
tActiver,2171,550,5CA9A076,0,1,1,4294967295,0,0
tActiver,2179,548,F908CBC7,0,1,1,4294967295,0,0
tActiver,2189,548,60321D20,0,1,1,4294967295,0,0
tActiver,2200,548,2652A601,0,1,1,4294967295,0,0
tActiver,2211,548,BAAD2B20,0,1,1,4294967295,0,0
tActiver,2220,548,171795BD,0,1,1,4294967295,0,0
tActiver,2227,549,5932BD08,0,1,1,4294967295,0,0
tActiver,2236,550,E3D40F5A,0,1,1,4294967295,0,0
tActiver,2248,550,9705D16B,0,1,1,4294967295,0,0
tActiver,2263,550,7A9C1BBD,0,1,1,4294967295,0,0
tActiver,2274,549,D2EFF2A7,0,1,1,4294967295,0,0
tActiver,2283,548,3BCC4F7F,0,1,1,4294967295,0,0
tActiver,2294,547,33F2DFE9,0,1,1,4294967295,0,0
tActiver,2301,546,57975BF0,0,1,1,4294967295,0,0
tActiver,2311,544,41664739,0,1,1,4294967295,0,0
tActiver,2318,543,10E6A0C0,0,1,1,4294967295,0,0
tActiver,2325,542,9E089BAB,0,1,1,4294967295,0,0
tActiver,2333,539,F8E64576,0,1,1,4294967295,0,0
tActiver,2340,535,983A76DB,0,1,1,4294967295,0,0
tActiver,2345,528,9CC84035,0,1,1,4294967295,0,0
tActiver,2345,517,2441B6C1,0,1,1,4294967295,0,0
tActiver,2343,506,9C61ACC7,0,1,1,4294967295,0,0
tActiver,2340,497,5664B12C,0,1,1,4294967295,0,0
tActiver,2336,488,DE06FF9F,0,1,1,4294967295,0,0
tActiver,2333,480,023B5B9F,0,1,1,4294967295,0,0
tActiver,2330,473,A9DE0434,0,1,1,4294967295,0,0
tActiver,2324,465,9A7E82C8,0,1,1,4294967295,0,0
tActiver,2317,458,0A0F8E46,0,1,1,4294967295,0,0
tActiver,2310,450,C1B6E0B6,0,1,1,4294967295,0,0
tActiver,2304,441,9B0ED4D6,0,1,1,4294967295,0,0
tActiver,2292,439,1339A2BE,0,1,1,4294967295,0,0
tActiver,2285,439,5C6F927C,0,1,1,4294967295,0,0
tActiver,2277,438,BA4913C7,0,1,1,4294967295,0,0
tActiver,2265,438,0791557E,0,1,1,4294967295,0,0
tActiver,2254,436,1A2840EC,0,1,1,4294967295,0,0
tActiver,2247,436,378F70FA,0,1,1,4294967295,0,0
tActiver,2239,436,92AFEFE6,0,1,1,4294967295,0,0
tActiver,2230,435,934F9367,0,1,1,4294967295,0,0
tActiver,2221,434,6903D8C1,0,1,1,4294967295,0,0
tActiver,2212,432,01D27252,0,1,1,4294967295,0,0
tActiver,2204,432,DF34C916,0,1,1,4294967295,0,0
tActiver,2197,434,F0907CE1,0,1,1,4294967295,0,0
tActiver,2185,439,68281FDC,0,1,1,4294967295,0,0
tActiver,2177,445,4A8992DD,0,1,1,4294967295,0,0
tActiver,2168,450,52BD6DC8,0,1,1,4294967295,0,0
tActiver,2157,456,F226BEC6,0,1,1,4294967295,0,0
tActiver,2150,458,3D3734BB,0,1,1,4294967295,0,0
tActiver,2142,459,A6F2CC6E,0,1,1,4294967295,0,0
tActiver,2133,461,BE5FC680,0,1,1,4294967295,0,0
tActiver,2122,462,6670ED9A,0,1,1,4294967295,0,0
tActiver,2111,464,5C74A17E,0,1,1,4294967295,0,0
tActiver,2100,465,AF65A1BF,0,1,1,4294967295,0,0
tActiver,2093,467,02C75522,0,1,1,4294967295,0,0
tActiver,2086,470,5D095DA5,0,1,1,4294967295,0,0
tActiver,2077,474,F78A1B14,0,1,1,4294967295,0,0
tActiver,2069,478,1607D213,0,1,1,4294967295,0,0
tActiver,2057,480,0A13A982,0,1,1,4294967295,0,0
tActiver,2048,482,B02945CC,0,1,1,4294967295,0,0
tActiver,2039,483,C076BEEE,0,1,1,4294967295,0,0
tActiver,2031,483,C4FAB394,0,1,1,4294967295,0,0
tActiver,2088,479,E3F7D7D3,0,1,1,4294967295,0,0
tActiver,2106,478,AC43CDB9,0,1,1,4294967295,0,0
tActiver,2115,478,15D9F58C,0,1,1,4294967295,0,0
tActiver,2123,478,A55C7A06,0,1,1,4294967295,0,0
tActiver,2118,485,974C3399,0,1,1,4294967295,0,0
tActiver,2101,494,57C8B1EF,0,1,1,4294967295,0,0
tActiver,2082,501,E3BA919D,0,1,1,4294967295,0,0
tActiver,2070,503,AD271EC4,0,1,1,4294967295,0,0
tActiver,2060,505,7FAC7739,0,1,1,4294967295,0,0
tActiver,2049,505,0BD4BD4A,0,1,1,4294967295,0,0
tActiver,2042,505,8663AF12,0,1,1,4294967295,0,0
tActiver,2031,503,C6728C21,0,1,1,4294967295,0,0
tActiver,2024,501,80E99A88,0,1,1,4294967295,0,0
tActiver,2017,497,0ACE53AE,0,1,1,4294967295,0,0
tActiver,2010,492,18F2882C,0,1,1,4294967295,0,0
tActiver,2004,485,312E5EEA,0,1,1,4294967295,0,0
tActiver,1996,477,6078ED9B,0,1,1,4294967295,0,0
tActiver,1990,468,DBBDE396,0,1,1,4294967295,0,0
tActiver,1985,461,3FAA0B2C,0,1,1,4294967295,0,0
tActiver,1978,457,234C1593,0,1,1,4294967295,0,0
tActiver,2005,466,42300976,0,1,1,4294967295,0,0
tActiver,2013,470,EBC09227,0,1,1,4294967295,0,0
tActiver,2024,475,14533684,0,1,1,4294967295,0,0
tActiver,2033,474,EB8532A8,0,1,1,4294967295,0,0
tActiver,2006,453,C75004BF,0,1,1,4294967295,0,0
tActiver,1999,447,DE16764D,0,1,1,4294967295,0,0
tActiver,1990,443,8A478D15,0,1,1,4294967295,0,0
tActiver,1976,436,D9D1B8EE,0,1,1,4294967295,0,0
tActiver,1969,434,5FA92CCC,0,1,1,4294967295,0,0
tActiver,1962,432,3FB6588E,0,1,1,4294967295,0,0
tActiver,1955,429,D33692C1,0,1,1,4294967295,0,0
tActiver,1837,506,49E4BD11,0,1,1,4294967295,0,0
tActiver,1832,515,D7501C83,0,1,1,4294967295,0,0
tActiver,1829,522,DEA8D325,0,1,1,4294967295,0,0
tActiver,1831,530,01348EC9,0,1,1,4294967295,0,0
tActiver,1835,541,EA8EFAA6,0,1,1,4294967295,0,0
tActiver,1839,549,BB0FC6FA,0,1,1,4294967295,0,0
tActiver,1844,557,72CE7449,0,1,1,4294967295,0,0
tActiver,1852,568,8409A751,0,1,1,4294967295,0,0
tActiver,1873,585,205B38AC,0,1,1,4294967295,0,0
tActiver,1899,600,07D58947,0,1,1,4294967295,0,0
tActiver,1910,604,07048A76,0,1,1,4294967295,0,0
tActiver,1855,611,77A0DB2A,0,1,1,4294967295,0,0
tActiver,1815,626,D9F2D3C7,0,1,1,4294967295,0,0
tActiver,1804,631,6253FDE2,0,1,1,4294967295,0,0
tActiver,1797,636,61573724,0,1,1,4294967295,0,0
tActiver,1866,607,88ACF3E8,0,1,1,4294967295,0,0
tActiver,1877,601,B6FA3CB6,0,1,1,4294967295,0,0
tActiver,1875,593,13710460,0,1,1,4294967295,0,0
tActiver,1866,593,C86C707E,0,1,1,4294967295,0,0
tActiver,1850,596,E000748D,0,1,1,4294967295,0,0
tActiver,1843,603,71E2728F,0,1,1,4294967295,0,0
tActiver,1836,610,D0CA0AAA,0,1,1,4294967295,0,0
tActiver,1845,641,2D06193D,0,1,1,4294967295,0,0
tActiver,1871,655,87250A4D,0,1,1,4294967295,0,0
tActiver,1918,669,2747892F,0,1,1,4294967295,0,0
tActiver,1996,673,1C2C9896,0,1,1,4294967295,0,0
tActiver,2037,669,B6E6BCDE,0,1,1,4294967295,0,0
tActiver,2058,659,B3F9AF7C,0,1,1,4294967295,0,0
tActiver,2074,619,AE94373E,0,1,1,4294967295,0,0
tActiver,2033,592,A7FA9C8D,0,1,1,4294967295,0,0
tActiver,2008,591,DFC5D497,0,1,1,4294967295,0,0
tActiver,1985,596,8BDDB3AD,0,1,1,4294967295,0,0
tActiver,1932,632,211D340B,0,1,1,4294967295,0,0
tActiver,1915,677,230E44D6,0,1,1,4294967295,0,0
tActiver,1925,691,D93DAC59,0,1,1,4294967295,0,0
tActiver,1978,713,7F88E4A5,0,1,1,4294967295,0,0
tActiver,2039,704,A134D9AD,0,1,1,4294967295,0,0
tActiver,2072,679,BD92642A,0,1,1,4294967295,0,0
tActiver,2096,646,2EC055CA,0,1,1,4294967295,0,0
tActiver,2107,596,A2424867,0,1,1,4294967295,0,0
tActiver,2098,565,874873A2,0,1,1,4294967295,0,0
tActiver,2077,542,E257BD50,0,1,1,4294967295,0,0
tActiver,2036,527,4D00D03A,0,1,1,4294967295,0,0
tActiver,2011,527,D3DB1018,0,1,1,4294967295,0,0
tActiver,1986,538,F0733093,0,1,1,4294967295,0,0
tActiver,1956,563,1B919852,0,1,1,4294967295,0,0
tActiver,1941,586,CA68F091,0,1,1,4294967295,0,0
tActiver,1944,653,5054082D,0,1,1,4294967295,0,0
tActiver,1968,667,510BF18F,0,1,1,4294967295,0,0
tActiver,2030,677,03E87A88,0,1,1,4294967295,0,0
tActiver,2081,666,52613CBE,0,1,1,4294967295,0,0
tActiver,2148,604,0556152C,0,1,1,4294967295,0,0
tActiver,2148,579,34237950,0,1,1,4294967295,0,0
tActiver,2131,552,3F5A623C,0,1,1,4294967295,0,0
tActiver,2083,525,B5511BFA,0,1,1,4294967295,0,0
tActiver,1995,524,4B0996E8,0,1,1,4294967295,0,0
tActiver,1934,548,FAFB6E84,0,1,1,4294967295,0,0
tActiver,1911,566,86789818,0,1,1,4294967295,0,0
tActiver,1899,579,CC98C885,0,1,1,4294967295,0,0
tActiver,1890,621,4CCF3759,0,1,1,4294967295,0,0
tActiver,1898,641,6A6E1745,0,1,1,4294967295,0,0
tActiver,1927,662,AB488004,0,1,1,4294967295,0,0
tActiver,1971,675,55747F28,0,1,1,4294967295,0,0
tActiver,2132,643,7DABEAA4,0,1,1,4294967295,0,0
tActiver,2138,585,01A2DE93,0,1,1,4294967295,0,0
tActiver,2113,558,AF22360B,0,1,1,4294967295,0,0
tActiver,2069,533,632FF174,0,1,1,4294967295,0,0
tActiver,1973,520,1503FE4E,0,1,1,4294967295,0,0
tActiver,1956,526,B39DBE18,0,1,1,4294967295,0,0
tActiver,1943,539,4424B356,0,1,1,4294967295,0,0
tActiver,1938,568,13FE0CA3,0,1,1,4294967295,0,0
tActiver,1949,588,F6C50CEE,0,1,1,4294967295,0,0
tActiver,1969,598,492E9715,0,1,1,4294967295,0,0
tActiver,1990,603,E672C982,0,1,1,4294967295,0,0
tActiver,2023,607,74E557A5,0,1,1,4294967295,0,0
tActiver,2095,600,6141182B,0,1,1,4294967295,0,0
tActiver,2171,568,B43238B3,0,1,1,4294967295,0,0
tActiver,2188,528,43F11227,0,1,1,4294967295,0,0
tActiver,2160,514,CE302425,0,1,1,4294967295,0,0
tActiver,2118,514,573A6E3C,0,1,1,4294967295,0,0
tActiver,1957,638,E9A13595,0,1,1,4294967295,0,0
tActiver,1954,662,F5ECF701,0,1,1,4294967295,0,0
tActiver,1958,673,5EECBE74,0,1,1,4294967295,0,0
tActiver,1999,699,35FBA637,0,1,1,4294967295,0,0
tActiver,2060,710,0630D245,0,1,1,4294967295,0,0
tActiver,2167,698,F7F2E75B,0,1,1,4294967295,0,0
tActiver,2214,673,69EF2DAD,0,1,1,4294967295,0,0
tActiver,2230,653,281FA184,0,1,1,4294967295,0,0
tActiver,2217,607,2C9078D5,0,1,1,4294967295,0,0
tActiver,2060,546,EE66CD42,0,1,1,4294967295,0,0
tActiver,1967,551,964C5F83,0,1,1,4294967295,0,0
tActiver,1927,567,C9D9DCDB,0,1,1,4294967295,0,0
tActiver,1907,660,969EFE3F,0,1,1,4294967295,0,0
tActiver,1941,687,F0BFCE5F,0,1,1,4294967295,0,0
tActiver,2059,682,58F2E27F,0,1,1,4294967295,0,0
tActiver,2123,656,63BDBC03,0,1,1,4294967295,0,0
tActiver,2177,603,A2C452E7,0,1,1,4294967295,0,0
tActiver,2186,568,F2096A3F,0,1,1,4294967295,0,0
tActiver,2158,522,34BE67A5,0,1,1,4294967295,0,0
tActiver,2110,493,BAC633F4,0,1,1,4294967295,0,0
tActiver,1968,477,B5C84137,0,1,1,4294967295,0,0
tActiver,1910,507,36E58BC0,0,1,1,4294967295,0,0
tActiver,1888,530,F78830F1,0,1,1,4294967295,0,0
tActiver,1877,550,3692AB06,0,1,1,4294967295,0,0
tActiver,1874,576,4D2D4B23,0,1,1,4294967295,0,0
tActiver,1905,642,9B45541B,0,1,1,4294967295,0,0
tActiver,1951,671,54F39506,0,1,1,4294967295,0,0
tActiver,2010,685,D9028883,0,1,1,4294967295,0,0
tActiver,2172,662,D95FA447,0,1,1,4294967295,0,0
tActiver,2220,618,B0933360,0,1,1,4294967295,0,0
tActiver,2230,573,23F07BFE,0,1,1,4294967295,0,0
tActiver,2206,483,148DDB23,0,1,1,4294967295,0,0
tActiver,2168,440,04EAAF07,0,1,1,4294967295,0,0
tActiver,2097,402,93AB203A,0,1,1,4294967295,0,0
tActiver,2050,396,551CCEE0,0,1,1,4294967295,0,0
tActiver,1991,409,29FFDDCF,0,1,1,4294967295,0,0
tActiver,1934,464,9B26447E,0,1,1,4294967295,0,0
tActiver,1914,499,EDFF3F46,0,1,1,4294967295,0,0
tActiver,1908,524,EFFF1876,0,1,1,4294967295,0,0
tActiver,1906,578,B4A6F160,0,1,1,4294967295,0,0
tActiver,1918,612,53835D51,0,1,1,4294967295,0,0
tActiver,2085,699,E922EC73,0,1,1,4294967295,0,0
tActiver,2139,694,ED400A06,0,1,1,4294967295,0,0
tActiver,2213,624,04554550,0,1,1,4294967295,0,0
tActiver,2194,500,0843943C,0,1,1,4294967295,0,0
tActiver,2099,444,6F800EDE,0,1,1,4294967295,0,0
tActiver,2065,441,707FD2AB,0,1,1,4294967295,0,0
tActiver,1938,494,F144E2E9,0,1,1,4294967295,0,0
tActiver,1921,513,B9B16735,0,1,1,4294967295,0,0
tActiver,1900,540,C3C4B7B4,0,1,1,4294967295,0,0
tActiver,1893,561,E21AB52C,0,1,1,4294967295,0,0
tActiver,1902,607,F61F7AD5,0,1,1,4294967295,0,0
tActiver,1947,637,50153849,0,1,1,4294967295,0,0
tActiver,2029,662,0A127284,0,1,1,4294967295,0,0
tActiver,2071,666,719B9804,0,1,1,4294967295,0,0
tActiver,2116,664,09E6CAFD,0,1,1,4294967295,0,0
tActiver,2145,657,197227ED,0,1,1,4294967295,0,0
tActiver,2177,631,C70F152D,0,1,1,4294967295,0,0
tActiver,2184,609,8269617B,0,1,1,4294967295,0,0
tActiver,2182,586,C05D285E,0,1,1,4294967295,0,0
tActiver,2110,543,0929298E,0,1,1,4294967295,0,0
tActiver,2052,543,0AA6A05C,0,1,1,4294967295,0,0
tActiver,2007,561,80C5BB5D,0,1,1,4294967295,0,0
tActiver,1973,588,6E6C0741,0,1,1,4294967295,0,0
tActiver,1938,624,7A0706F3,0,1,1,4294967295,0,0
tActiver,1922,652,8176BE32,0,1,1,4294967295,0,0
tActiver,1926,676,1D2F0140,0,1,1,4294967295,0,0
tActiver,1956,697,96914131,0,1,1,4294967295,0,0
tActiver,2011,715,BC447619,0,1,1,4294967295,0,0
tActiver,2084,732,AA60F23C,0,1,1,4294967295,0,0
tActiver,2100,734,DFB19293,0,1,1,4294967295,0,0
block,0,896,24E27318,0,1,1,4294967295,0,0
block,32,896,36AF77CF,0,1,1,4294967295,0,0
block,32,928,1188E25C,0,1,1,4294967295,0,0
block,64,928,E893C3CD,0,1,1,4294967295,0,0
block,96,928,F5C09A20,0,1,1,4294967295,0,0
block,128,928,B3A2C589,0,1,1,4294967295,0,0
block,128,960,76699454,0,1,1,4294967295,0,0
block,160,960,E63B8AA6,0,1,1,4294967295,0,0
block,192,960,E610FD58,0,1,1,4294967295,0,0
block,224,960,62C1CFEA,0,1,1,4294967295,0,0
block,224,992,8810EA38,0,1,1,4294967295,0,0
block,256,992,9A7C7257,0,1,1,4294967295,0,0
block,288,992,A61DF03F,0,1,1,4294967295,0,0
block,320,992,0DE750AC,0,1,1,4294967295,0,0
block,352,992,AB783A84,0,1,1,4294967295,0,0
block,352,1024,1E9FF742,0,1,1,4294967295,0,0
block,384,1024,A5AB81CA,0,1,1,4294967295,0,0
block,416,1024,C7021D81,0,1,1,4294967295,0,0
block,448,1024,0316852C,0,1,1,4294967295,0,0
block,480,1024,270D9BF6,0,1,1,4294967295,0,0
block,480,992,55842170,0,1,1,4294967295,0,0
block,480,960,308DEF5B,0,1,1,4294967295,0,0
block,480,928,B9355085,0,1,1,4294967295,0,0
block,480,896,945EF6FE,0,1,1,4294967295,0,0
block,480,864,EC1DEA20,0,1,1,4294967295,0,0
block,480,832,1ED6B4B6,0,1,1,4294967295,0,0
block,480,800,86E8D88B,0,1,1,4294967295,0,0
block,512,800,A07BD79F,0,1,1,4294967295,0,0
block,544,800,40627A28,0,1,1,4294967295,0,0
block,544,832,A4BB825B,0,1,1,4294967295,0,0
block,544,864,27BDBD6C,0,1,1,4294967295,0,0
block,544,896,FE6E023D,0,1,1,4294967295,0,0
block,544,928,5A381850,0,1,1,4294967295,0,0
block,544,960,51F865CF,0,1,1,4294967295,0,0
block,544,992,0A172B0C,0,1,1,4294967295,0,0
block,544,1024,5B614339,0,1,1,4294967295,0,0
block,544,1056,D61B8CDF,0,1,1,4294967295,0,0
block,544,1088,EABB7094,0,1,1,4294967295,0,0
block,544,1120,90132D83,0,1,1,4294967295,0,0
block,544,1152,10EC9ADC,0,1,1,4294967295,0,0
block,512,1152,231F4E64,0,1,1,4294967295,0,0
block,512,1184,9042FB38,0,1,1,4294967295,0,0
block,480,672,6051712A,0,1,1,4294967295,0,0
block,512,672,C405CD02,0,1,1,4294967295,0,0
block,544,672,E78470D7,0,1,1,4294967295,0,0
block,544,640,42C9E3EF,0,1,1,4294967295,0,0
block,544,608,527B7DEE,0,1,1,4294967295,0,0
block,544,576,A23B7DC3,0,1,1,4294967295,0,0
block,544,544,4F2113AC,0,1,1,4294967295,0,0
block,544,512,9FE1C710,0,1,1,4294967295,0,0
block,544,480,228A0ABF,0,1,1,4294967295,0,0
block,512,480,524C5EF5,0,1,1,4294967295,0,0
block,480,480,B71C779F,0,1,1,4294967295,0,0
block,480,512,152416C3,0,1,1,4294967295,0,0
block,480,544,FEB3FB64,0,1,1,4294967295,0,0
block,480,576,EC7BB5DB,0,1,1,4294967295,0,0
block,480,608,802EF18E,0,1,1,4294967295,0,0
block,480,640,EA36A1FD,0,1,1,4294967295,0,0
block,1632,672,252DF424,0,1,1,4294967295,0,0
block,1664,672,B0D235B6,0,1,1,4294967295,0,0
block,1696,672,C75F837D,0,1,1,4294967295,0,0
block,1728,640,31F66CA4,0,1,1,4294967295,0,0
block,1728,608,820C4060,0,1,1,4294967295,0,0
block,1728,576,3A2A14B0,0,1,1,4294967295,0,0
block,1728,544,7CE1C4B9,0,1,1,4294967295,0,0
block,1728,512,227A51EA,0,1,1,4294967295,0,0
block,1696,384,46BAD008,0,1,1,4294967295,0,0
block,1728,416,5ACC4801,0,1,1,4294967295,0,0
block,1728,448,DC7019AE,0,1,1,4294967295,0,0
block,1728,352,C795B5D9,0,1,1,4294967295,0,0
block,1632,704,C763DE22,0,1,1,4294967295,0,0
block,1632,736,A1D40BAA,0,1,1,4294967295,0,0
block,1632,768,88CDE012,0,1,1,4294967295,0,0
block,1632,800,76C64B94,0,1,1,4294967295,0,0
block,1632,832,2194B335,0,1,1,4294967295,0,0
block,1632,864,6269524C,0,1,1,4294967295,0,0
block,1632,896,E442DEDF,0,1,1,4294967295,0,0
block,1632,928,3B34490E,0,1,1,4294967295,0,0
block,1632,960,5DE4A615,0,1,1,4294967295,0,0
block,1632,992,06E22B13,0,1,1,4294967295,0,0
block,1632,1024,80707C12,0,1,1,4294967295,0,0
block,1632,1056,03A4B0FF,0,1,1,4294967295,0,0
block,1632,1088,17EF1A42,0,1,1,4294967295,0,0
block,1632,1120,2061E02F,0,1,1,4294967295,0,0
block,1632,1152,E5808975,0,1,1,4294967295,0,0
block,1632,1184,E0D2E21A,0,1,1,4294967295,0,0
block,1760,480,4432AB1B,0,1,1,4294967295,0,0
block,1760,512,AEF6A76F,0,1,1,4294967295,0,0
block,1760,448,11A15999,0,1,1,4294967295,0,0
block,1728,384,F58E361B,0,1,1,4294967295,0,0
block,1760,352,2DEABB2A,0,1,1,4294967295,0,0
block,1792,352,BBEC0B46,0,1,1,4294967295,0,0
block,1824,352,B3D71150,0,1,1,4294967295,0,0
block,1856,352,F8EDA684,0,1,1,4294967295,0,0
block,1888,352,3B04FD8F,0,1,1,4294967295,0,0
block,1920,352,6DFFAB8D,0,1,1,4294967295,0,0
block,1952,352,E21ECE65,0,1,1,4294967295,0,0
block,1984,352,EF0F7E31,0,1,1,4294967295,0,0
block,2016,352,A4FF93FF,0,1,1,4294967295,0,0
block,2048,352,4CEAF8E0,0,1,1,4294967295,0,0
block,2080,352,93CFB3B5,0,1,1,4294967295,0,0
block,2208,352,0F3AC5BF,0,1,1,4294967295,0,0
block,2240,352,0D4BB760,0,1,1,4294967295,0,0
block,2272,352,1DCCFC23,0,1,1,4294967295,0,0
block,2304,352,4543C48F,0,1,1,4294967295,0,0
block,2336,352,DF52D122,0,1,1,4294967295,0,0
block,2368,352,B95FD1D3,0,1,1,4294967295,0,0
block,2144,352,B8C13B0D,0,1,1,4294967295,0,0
block,2112,352,BDDD33C6,0,1,1,4294967295,0,0
block,2176,352,14743AFB,0,1,1,4294967295,0,0
playerStart,0,864,B09B003F,0,1,1,4294967295,0,0
