object617,192,192,18886DD1,0,1,1,4294967295,0,0
block,448,192,2BA2F98D,0,1,1,4294967295,0,0
block,480,192,23D4C2B3,0,1,1,4294967295,0,0
block,512,192,B7867A5E,0,1,1,4294967295,0,0
block,544,192,81ABEBED,0,1,1,4294967295,0,0
block,576,192,2498D86A,0,1,1,4294967295,0,0
block,0,0,A574D002,0,1,1,4294967295,0,0
block,32,0,18C8CAF2,0,1,1,4294967295,0,0
block,64,0,C96A5811,0,1,1,4294967295,0,0
block,96,0,3F893B23,0,1,1,4294967295,0,0
block,128,0,138711FD,0,1,1,4294967295,0,0
block,160,0,17618EAF,0,1,1,4294967295,0,0
block,192,0,F156CD1D,0,1,1,4294967295,0,0
block,224,0,81BAE9B3,0,1,1,4294967295,0,0
block,256,0,0F5C51E6,0,1,1,4294967295,0,0
block,288,0,D032146C,0,1,1,4294967295,0,0
block,320,0,8E0046E5,0,1,1,4294967295,0,0
block,352,0,F7E12C90,0,1,1,4294967295,0,0
block,384,0,4A448601,0,1,1,4294967295,0,0
block,416,0,78892D76,0,1,1,4294967295,0,0
block,448,0,0435ED74,0,1,1,4294967295,0,0
block,480,0,1561A47A,0,1,1,4294967295,0,0
block,512,0,B6CA4453,0,1,1,4294967295,0,0
block,544,0,AC25DE88,0,1,1,4294967295,0,0
block,576,0,5B849754,0,1,1,4294967295,0,0
block,608,0,4939A66D,0,1,1,4294967295,0,0
block,640,0,754C5B95,0,1,1,4294967295,0,0
block,672,0,B1A1F295,0,1,1,4294967295,0,0
block,704,0,57D46613,0,1,1,4294967295,0,0
block,736,0,67C9C8CC,0,1,1,4294967295,0,0
block,768,0,F9817780,0,1,1,4294967295,0,0
block,768,32,C40977EA,0,1,1,4294967295,0,0
block,768,64,510129FF,0,1,1,4294967295,0,0
block,768,96,3D4F0847,0,1,1,4294967295,0,0
block,768,128,B5043182,0,1,1,4294967295,0,0
block,768,160,9BF50F11,0,1,1,4294967295,0,0
block,768,192,BD0FBA2A,0,1,1,4294967295,0,0
block,768,224,2156F606,0,1,1,4294967295,0,0
block,768,256,8DA83C08,0,1,1,4294967295,0,0
block,768,288,C4AB802B,0,1,1,4294967295,0,0
block,768,320,04E8F198,0,1,1,4294967295,0,0
block,768,352,3149965E,0,1,1,4294967295,0,0
block,768,384,4235FA05,0,1,1,4294967295,0,0
block,768,416,65D18644,0,1,1,4294967295,0,0
block,768,448,3DBA8E10,0,1,1,4294967295,0,0
block,768,480,52CF52EC,0,1,1,4294967295,0,0
block,768,512,389B08AB,0,1,1,4294967295,0,0
block,768,544,7CE9F035,0,1,1,4294967295,0,0
block,768,576,2ECC335A,0,1,1,4294967295,0,0
block,736,576,E55F28C8,0,1,1,4294967295,0,0
block,704,576,A3CDBF80,0,1,1,4294967295,0,0
block,672,576,80E712CD,0,1,1,4294967295,0,0
block,640,576,205ABBC0,0,1,1,4294967295,0,0
block,608,576,2FFE4744,0,1,1,4294967295,0,0
block,576,576,36E8856B,0,1,1,4294967295,0,0
block,544,576,E038D249,0,1,1,4294967295,0,0
block,512,576,9BA69C90,0,1,1,4294967295,0,0
block,480,576,0E2F972D,0,1,1,4294967295,0,0
block,448,576,960CCCA7,0,1,1,4294967295,0,0
block,416,576,92FC6C5E,0,1,1,4294967295,0,0
block,384,576,264A7C08,0,1,1,4294967295,0,0
block,352,576,2C12414A,0,1,1,4294967295,0,0
block,320,576,E752C1A0,0,1,1,4294967295,0,0
block,288,576,57EF82DB,0,1,1,4294967295,0,0
block,256,576,9A93CAFB,0,1,1,4294967295,0,0
block,224,576,D777042B,0,1,1,4294967295,0,0
block,192,576,3E48BF65,0,1,1,4294967295,0,0
block,160,576,963B671B,0,1,1,4294967295,0,0
block,128,576,0057132B,0,1,1,4294967295,0,0
block,96,576,169D124C,0,1,1,4294967295,0,0
block,64,576,FE12EDD7,0,1,1,4294967295,0,0
block,32,576,6EC9B492,0,1,1,4294967295,0,0
block,0,576,9111DF3E,0,1,1,4294967295,0,0
block,0,544,9A5E02C2,0,1,1,4294967295,0,0
block,0,512,AE5A7ED7,0,1,1,4294967295,0,0
block,0,480,A9F1765F,0,1,1,4294967295,0,0
block,0,448,D693649E,0,1,1,4294967295,0,0
block,0,416,DB26EFFD,0,1,1,4294967295,0,0
block,0,384,337170DD,0,1,1,4294967295,0,0
block,0,352,D5D73E7B,0,1,1,4294967295,0,0
block,0,320,59A61393,0,1,1,4294967295,0,0
block,0,288,FA1C4866,0,1,1,4294967295,0,0
block,0,256,822E0F6E,0,1,1,4294967295,0,0
block,0,224,3DEF01A9,0,1,1,4294967295,0,0
block,0,192,F246292C,0,1,1,4294967295,0,0
block,0,160,CFC70123,0,1,1,4294967295,0,0
block,0,128,D11F33A6,0,1,1,4294967295,0,0
block,0,96,B05C4AB5,0,1,1,4294967295,0,0
block,0,64,BC58F056,0,1,1,4294967295,0,0
block,0,32,CB5D9172,0,1,1,4294967295,0,0
block,32,480,96F6DFC0,0,1,1,4294967295,0,0
block,64,480,F8ECD6D8,0,1,1,4294967295,0,0
block,96,480,F2E8AEC3,0,1,1,4294967295,0,0
block,128,480,4880E50B,0,1,1,4294967295,0,0
block,160,480,47BFF49A,0,1,1,4294967295,0,0
block,192,480,56CE16A4,0,1,1,4294967295,0,0
block,224,480,0D265417,0,1,1,4294967295,0,0
block,256,480,27C24CB1,0,1,1,4294967295,0,0
block,288,480,CB387DE5,0,1,1,4294967295,0,0
block,320,480,D5F0E205,0,1,1,4294967295,0,0
block,352,480,A95833A7,0,1,1,4294967295,0,0
block,384,480,11F27CE2,0,1,1,4294967295,0,0
block,416,480,19781434,0,1,1,4294967295,0,0
block,448,480,45EB7510,0,1,1,4294967295,0,0
block,480,480,AFAD44BB,0,1,1,4294967295,0,0
block,512,480,7A8FBD35,0,1,1,4294967295,0,0
block,544,480,789CBDEB,0,1,1,4294967295,0,0
block,576,480,009A8C78,0,1,1,4294967295,0,0
block,608,480,1C798E4C,0,1,1,4294967295,0,0
block,640,480,4AA5BD8B,0,1,1,4294967295,0,0
block,672,480,4FB50943,0,1,1,4294967295,0,0
block,576,384,3BA22CF5,0,1,1,4294967295,0,0
block,544,384,4C54F449,0,1,1,4294967295,0,0
block,512,384,55EEAB22,0,1,1,4294967295,0,0
block,480,384,261EB644,0,1,1,4294967295,0,0
block,448,384,DE5A1CCE,0,1,1,4294967295,0,0
block,448,288,A8BF766E,0,1,1,4294967295,0,0
block,480,288,05930FBE,0,1,1,4294967295,0,0
block,512,288,D4F67DCB,0,1,1,4294967295,0,0
block,544,288,5C566773,0,1,1,4294967295,0,0
block,576,288,EE31F13E,0,1,1,4294967295,0,0
