tile01,0,2304,0,0,32,32,0,1,1,4294967295
tile01,32,2304,0,0,32,32,0,1,1,4294967295
tile01,64,2304,0,0,32,32,0,1,1,4294967295
tile01,96,2304,0,0,32,32,0,1,1,4294967295
tile01,128,2304,0,0,32,32,0,1,1,4294967295
tile01,288,2304,0,0,32,32,0,1,1,4294967295
tile01,320,2304,0,0,32,32,0,1,1,4294967295
tile01,160,2304,32,0,32,32,0,1,1,4294967295
tile01,160,2272,32,0,32,32,0,1,1,4294967295
tile01,160,2240,32,0,32,32,0,1,1,4294967295
tile01,192,2240,32,0,32,32,0,1,1,4294967295
tile01,192,2208,32,0,32,32,0,1,1,4294967295
tile01,224,2208,32,0,32,32,0,1,1,4294967295
tile01,256,2208,32,0,32,32,0,1,1,4294967295
tile01,288,2208,32,0,32,32,0,1,1,4294967295
tile01,288,2240,32,0,32,32,0,1,1,4294967295
tile01,288,2272,32,0,32,32,0,1,1,4294967295
tile01,256,2272,32,0,32,32,0,1,1,4294967295
tile01,256,2304,32,0,32,32,0,1,1,4294967295
tile01,224,2304,32,0,32,32,0,1,1,4294967295
tile01,192,2304,32,0,32,32,0,1,1,4294967295
tile01,160,2208,0,0,32,32,0,1,1,4294967295
tile01,192,2176,0,0,32,32,0,1,1,4294967295
tile01,224,2176,0,0,32,32,0,1,1,4294967295
tile01,256,2176,0,0,32,32,0,1,1,4294967295
tile01,288,2176,0,0,32,32,0,1,1,4294967295
tile01,256,2240,0,0,32,32,0,1,1,4294967295
tile01,224,2240,0,0,32,32,0,1,1,4294967295
tile01,224,2272,0,0,32,32,0,1,1,4294967295
tile01,192,2272,0,0,32,32,0,1,1,4294967295
tile01,0,2336,32,0,32,32,0,1,1,4294967295
tile01,32,2336,32,0,32,32,0,1,1,4294967295
tile01,64,2336,32,0,32,32,0,1,1,4294967295
tile01,96,2336,32,0,32,32,0,1,1,4294967295
tile01,128,2336,32,0,32,32,0,1,1,4294967295
tile01,160,2336,32,0,32,32,0,1,1,4294967295
tile01,192,2336,32,0,32,32,0,1,1,4294967295
tile01,224,2336,32,0,32,32,0,1,1,4294967295
tile01,256,2336,32,0,32,32,0,1,1,4294967295
tile01,288,2336,32,0,32,32,0,1,1,4294967295
tile01,320,2336,32,0,32,32,0,1,1,4294967295
tile01,320,2368,32,0,32,32,0,1,1,4294967295
tile01,320,2400,32,0,32,32,0,1,1,4294967295
tile01,288,2400,32,0,32,32,0,1,1,4294967295
tile01,256,2400,32,0,32,32,0,1,1,4294967295
tile01,224,2400,32,0,32,32,0,1,1,4294967295
tile01,192,2400,32,0,32,32,0,1,1,4294967295
tile01,160,2400,32,0,32,32,0,1,1,4294967295
tile01,128,2400,32,0,32,32,0,1,1,4294967295
tile01,96,2400,32,0,32,32,0,1,1,4294967295
tile01,64,2400,32,0,32,32,0,1,1,4294967295
tile01,32,2400,32,0,32,32,0,1,1,4294967295
tile01,0,2400,32,0,32,32,0,1,1,4294967295
tile01,0,2368,32,0,32,32,0,1,1,4294967295
tile01,32,2368,32,0,32,32,0,1,1,4294967295
tile01,64,2368,32,0,32,32,0,1,1,4294967295
tile01,96,2368,32,0,32,32,0,1,1,4294967295
tile01,128,2368,32,0,32,32,0,1,1,4294967295
tile01,160,2368,32,0,32,32,0,1,1,4294967295
tile01,192,2368,32,0,32,32,0,1,1,4294967295
tile01,224,2368,32,0,32,32,0,1,1,4294967295
tile01,256,2368,32,0,32,32,0,1,1,4294967295
tile01,288,2368,32,0,32,32,0,1,1,4294967295
tile01,352,2208,32,0,32,32,0,1,1,4294967295
tile01,352,2240,32,0,32,32,0,1,1,4294967295
tile01,352,2272,32,0,32,32,0,1,1,4294967295
tile01,352,2304,32,0,32,32,0,1,1,4294967295
tile01,352,2336,32,0,32,32,0,1,1,4294967295
tile01,352,2368,32,0,32,32,0,1,1,4294967295
tile01,352,2400,32,0,32,32,0,1,1,4294967295
tile01,352,2176,0,0,32,32,0,1,1,4294967295
tile01,384,2176,0,0,32,32,0,1,1,4294967295
tile01,416,2176,0,0,32,32,0,1,1,4294967295
tile01,448,2208,0,0,32,32,0,1,1,4294967295
tile01,480,2240,0,0,32,32,0,1,1,4294967295
tile01,512,2272,0,0,32,32,0,1,1,4294967295
tile01,544,2272,0,0,32,32,0,1,1,4294967295
tile01,576,2272,0,0,32,32,0,1,1,4294967295
tile01,384,2208,32,0,32,32,0,1,1,4294967295
tile01,416,2208,32,0,32,32,0,1,1,4294967295
tile01,416,2272,32,0,32,32,0,1,1,4294967295
tile01,416,2304,32,0,32,32,0,1,1,4294967295
tile01,416,2336,32,0,32,32,0,1,1,4294967295
tile01,416,2368,32,0,32,32,0,1,1,4294967295
tile01,384,2400,32,0,32,32,0,1,1,4294967295
tile01,384,2368,32,0,32,32,0,1,1,4294967295
tile01,384,2336,32,0,32,32,0,1,1,4294967295
tile01,384,2304,32,0,32,32,0,1,1,4294967295
tile01,384,2272,32,0,32,32,0,1,1,4294967295
tile01,384,2240,32,0,32,32,0,1,1,4294967295
tile01,416,2240,32,0,32,32,0,1,1,4294967295
tile01,448,2240,32,0,32,32,0,1,1,4294967295
tile01,448,2272,32,0,32,32,0,1,1,4294967295
tile01,448,2304,32,0,32,32,0,1,1,4294967295
tile01,448,2336,32,0,32,32,0,1,1,4294967295
tile01,448,2368,32,0,32,32,0,1,1,4294967295
tile01,416,2400,32,0,32,32,0,1,1,4294967295
tile01,448,2400,32,0,32,32,0,1,1,4294967295
tile01,480,2400,32,0,32,32,0,1,1,4294967295
tile01,512,2400,32,0,32,32,0,1,1,4294967295
tile01,544,2400,32,0,32,32,0,1,1,4294967295
tile01,576,2400,32,0,32,32,0,1,1,4294967295
tile01,576,2368,32,0,32,32,0,1,1,4294967295
tile01,576,2336,32,0,32,32,0,1,1,4294967295
tile01,576,2304,32,0,32,32,0,1,1,4294967295
tile01,544,2304,32,0,32,32,0,1,1,4294967295
tile01,512,2304,32,0,32,32,0,1,1,4294967295
tile01,480,2272,32,0,32,32,0,1,1,4294967295
tile01,480,2304,32,0,32,32,0,1,1,4294967295
tile01,480,2336,32,0,32,32,0,1,1,4294967295
tile01,480,2368,32,0,32,32,0,1,1,4294967295
tile01,512,2368,32,0,32,32,0,1,1,4294967295
tile01,544,2368,32,0,32,32,0,1,1,4294967295
tile01,544,2336,32,0,32,32,0,1,1,4294967295
tile01,512,2336,32,0,32,32,0,1,1,4294967295
tile01,512,2048,32,0,32,32,0,1,1,4294967295
tile01,480,2048,32,0,32,32,0,1,1,4294967295
tile01,448,2048,32,0,32,32,0,1,1,4294967295
tile01,448,2016,32,0,32,32,0,1,1,4294967295
tile01,480,2016,32,0,32,32,0,1,1,4294967295
tile01,512,2016,32,0,32,32,0,1,1,4294967295
tile01,512,1984,32,0,32,32,0,1,1,4294967295
tile01,512,1952,32,0,32,32,0,1,1,4294967295
tile01,512,1920,32,0,32,32,0,1,1,4294967295
tile01,512,1888,32,0,32,32,0,1,1,4294967295
tile01,512,1856,32,0,32,32,0,1,1,4294967295
tile01,480,1856,32,0,32,32,0,1,1,4294967295
tile01,448,1856,32,0,32,32,0,1,1,4294967295
tile01,448,1888,32,0,32,32,0,1,1,4294967295
tile01,448,1920,32,0,32,32,0,1,1,4294967295
tile01,448,1952,32,0,32,32,0,1,1,4294967295
tile01,448,1984,32,0,32,32,0,1,1,4294967295
tile01,480,1984,32,0,32,32,0,1,1,4294967295
tile01,480,1952,32,0,32,32,0,1,1,4294967295
tile01,480,1920,32,0,32,32,0,1,1,4294967295
tile01,480,1888,32,0,32,32,0,1,1,4294967295
tile01,384,2016,32,0,32,32,0,1,1,4294967295
tile01,416,1952,32,0,32,32,0,1,1,4294967295
tile01,416,1920,32,0,32,32,0,1,1,4294967295
tile01,384,1856,32,0,32,32,0,1,1,4294967295
tile01,416,1856,32,0,32,32,0,1,1,4294967295
tile01,416,1888,32,0,32,32,0,1,1,4294967295
tile01,384,1888,32,0,32,32,0,1,1,4294967295
tile01,384,1920,32,0,32,32,0,1,1,4294967295
tile01,384,1952,32,0,32,32,0,1,1,4294967295
tile01,416,2016,32,0,32,32,0,1,1,4294967295
tile01,352,1856,32,0,32,32,0,1,1,4294967295
tile01,320,1856,32,0,32,32,0,1,1,4294967295
tile01,288,1856,32,0,32,32,0,1,1,4294967295
tile01,160,1856,32,0,32,32,0,1,1,4294967295
tile01,128,1856,32,0,32,32,0,1,1,4294967295
tile01,96,1856,32,0,32,32,0,1,1,4294967295
tile01,64,1856,32,0,32,32,0,1,1,4294967295
tile01,32,1856,32,0,32,32,0,1,1,4294967295
tile01,32,1888,32,0,32,32,0,1,1,4294967295
tile01,0,1888,32,0,32,32,0,1,1,4294967295
tile01,0,1920,32,0,32,32,0,1,1,4294967295
tile01,0,1952,32,0,32,32,0,1,1,4294967295
tile01,0,1984,32,0,32,32,0,1,1,4294967295
tile01,0,2016,32,0,32,32,0,1,1,4294967295
tile01,32,2016,32,0,32,32,0,1,1,4294967295
tile01,64,2016,32,0,32,32,0,1,1,4294967295
tile01,96,2016,32,0,32,32,0,1,1,4294967295
tile01,128,2016,32,0,32,32,0,1,1,4294967295
tile01,160,2016,32,0,32,32,0,1,1,4294967295
tile01,192,2016,32,0,32,32,0,1,1,4294967295
tile01,224,2016,32,0,32,32,0,1,1,4294967295
tile01,256,2016,32,0,32,32,0,1,1,4294967295
tile01,288,2016,32,0,32,32,0,1,1,4294967295
tile01,320,2016,32,0,32,32,0,1,1,4294967295
tile01,352,2016,32,0,32,32,0,1,1,4294967295
tile01,320,1984,32,0,32,32,0,1,1,4294967295
tile01,288,1984,32,0,32,32,0,1,1,4294967295
tile01,256,1984,32,0,32,32,0,1,1,4294967295
tile01,224,1984,32,0,32,32,0,1,1,4294967295
tile01,160,1984,32,0,32,32,0,1,1,4294967295
tile01,128,1984,32,0,32,32,0,1,1,4294967295
tile01,64,1984,32,0,32,32,0,1,1,4294967295
tile01,32,1984,32,0,32,32,0,1,1,4294967295
tile01,32,1952,32,0,32,32,0,1,1,4294967295
tile01,96,1952,32,0,32,32,0,1,1,4294967295
tile01,128,1952,32,0,32,32,0,1,1,4294967295
tile01,160,1952,32,0,32,32,0,1,1,4294967295
tile01,192,1952,32,0,32,32,0,1,1,4294967295
tile01,224,1952,32,0,32,32,0,1,1,4294967295
tile01,256,1952,32,0,32,32,0,1,1,4294967295
tile01,288,1952,32,0,32,32,0,1,1,4294967295
tile01,320,1952,32,0,32,32,0,1,1,4294967295
tile01,352,1952,32,0,32,32,0,1,1,4294967295
tile01,352,1888,32,0,32,32,0,1,1,4294967295
tile01,320,1888,32,0,32,32,0,1,1,4294967295
tile01,288,1888,32,0,32,32,0,1,1,4294967295
tile01,256,1888,32,0,32,32,0,1,1,4294967295
tile01,224,1888,32,0,32,32,0,1,1,4294967295
tile01,64,1888,32,0,32,32,0,1,1,4294967295
tile01,32,1920,32,0,32,32,0,1,1,4294967295
tile01,64,1920,32,0,32,32,0,1,1,4294967295
tile01,96,1920,32,0,32,32,0,1,1,4294967295
tile01,128,1920,32,0,32,32,0,1,1,4294967295
tile01,160,1920,32,0,32,32,0,1,1,4294967295
tile01,192,1920,32,0,32,32,0,1,1,4294967295
tile01,256,1920,32,0,32,32,0,1,1,4294967295
tile01,288,1920,32,0,32,32,0,1,1,4294967295
tile01,320,1920,32,0,32,32,0,1,1,4294967295
tile01,352,1920,32,0,32,32,0,1,1,4294967295
tile01,0,1856,32,0,32,32,0,1,1,4294967295
tile01,0,2272,32,0,32,32,0,1,1,4294967295
tile01,0,2240,32,0,32,32,0,1,1,4294967295
tile01,0,2208,32,0,32,32,0,1,1,4294967295
tile01,0,2176,32,0,32,32,0,1,1,4294967295
tile01,0,2144,0,0,32,32,0,1,1,4294967295
tile01,416,1984,0,0,32,32,0,1,1,4294967295
tile01,384,1984,0,0,32,32,0,1,1,4294967295
tile01,352,1984,0,0,32,32,0,1,1,4294967295
tile01,96,1888,0,0,32,32,0,1,1,4294967295
tile01,128,1888,0,0,32,32,0,1,1,4294967295
tile01,160,1888,0,0,32,32,0,1,1,4294967295
tile01,192,1888,0,0,32,32,0,1,1,4294967295
tile01,224,1920,0,0,32,32,0,1,1,4294967295
tile01,96,1984,0,0,32,32,0,1,1,4294967295
tile01,64,1952,0,0,32,32,0,1,1,4294967295
tile01,192,1984,0,0,32,32,0,1,1,4294967295
tile01,160,2048,32,0,32,32,0,1,1,4294967295
tile01,0,1824,32,0,32,32,0,1,1,4294967295
tile01,32,1824,32,0,32,32,0,1,1,4294967295
tile01,64,1824,32,0,32,32,0,1,1,4294967295
tile01,96,1824,32,0,32,32,0,1,1,4294967295
tile01,128,1824,32,0,32,32,0,1,1,4294967295
tile01,160,1824,32,0,32,32,0,1,1,4294967295
tile01,192,1824,32,0,32,32,0,1,1,4294967295
tile01,192,1856,32,0,32,32,0,1,1,4294967295
tile01,224,1856,32,0,32,32,0,1,1,4294967295
tile01,256,1856,32,0,32,32,0,1,1,4294967295
tile01,224,1824,32,0,32,32,0,1,1,4294967295
tile01,256,1824,32,0,32,32,0,1,1,4294967295
tile01,288,1824,32,0,32,32,0,1,1,4294967295
tile01,320,1824,32,0,32,32,0,1,1,4294967295
tile01,352,1824,32,0,32,32,0,1,1,4294967295
tile01,384,1824,32,0,32,32,0,1,1,4294967295
tile01,416,1824,32,0,32,32,0,1,1,4294967295
tile01,448,1824,32,0,32,32,0,1,1,4294967295
tile01,480,1824,32,0,32,32,0,1,1,4294967295
tile01,512,1824,32,0,32,32,0,1,1,4294967295
tile01,1536,1760,32,0,32,32,0,1,1,4294967295
tile01,1536,1792,32,0,32,32,0,1,1,4294967295
tile01,1568,1792,32,0,32,32,0,1,1,4294967295
tile01,1600,1792,32,0,32,32,0,1,1,4294967295
tile01,1600,1824,32,0,32,32,0,1,1,4294967295
tile01,1792,1760,32,0,32,32,0,1,1,4294967295
tile01,1824,1760,32,0,32,32,0,1,1,4294967295
tile01,1856,1760,32,0,32,32,0,1,1,4294967295
tile01,1856,1728,32,0,32,32,0,1,1,4294967295
tile01,1824,1728,32,0,32,32,0,1,1,4294967295
tile01,1792,1728,32,0,32,32,0,1,1,4294967295
tile01,1760,1728,32,0,32,32,0,1,1,4294967295
tile01,1728,1728,32,0,32,32,0,1,1,4294967295
tile01,1696,1696,32,0,32,32,0,1,1,4294967295
tile01,1696,1664,32,0,32,32,0,1,1,4294967295
tile01,1696,1632,32,0,32,32,0,1,1,4294967295
tile01,1728,1600,32,0,32,32,0,1,1,4294967295
tile01,1728,1568,32,0,32,32,0,1,1,4294967295
tile01,1760,1568,32,0,32,32,0,1,1,4294967295
tile01,1792,1568,32,0,32,32,0,1,1,4294967295
tile01,1824,1536,32,0,32,32,0,1,1,4294967295
tile01,1568,1760,32,0,32,32,0,1,1,4294967295
tile01,1600,1760,32,0,32,32,0,1,1,4294967295
tile01,1632,1760,32,0,32,32,0,1,1,4294967295
tile01,1664,1760,32,0,32,32,0,1,1,4294967295
tile01,1696,1760,32,0,32,32,0,1,1,4294967295
tile01,1728,1760,32,0,32,32,0,1,1,4294967295
tile01,1760,1760,32,0,32,32,0,1,1,4294967295
tile01,1664,1824,32,0,32,32,0,1,1,4294967295
tile01,1632,1824,32,0,32,32,0,1,1,4294967295
tile01,1632,1792,32,0,32,32,0,1,1,4294967295
tile01,1760,1792,32,0,32,32,0,1,1,4294967295
tile01,1728,1792,32,0,32,32,0,1,1,4294967295
tile01,1696,1792,32,0,32,32,0,1,1,4294967295
tile01,1664,1792,32,0,32,32,0,1,1,4294967295
tile01,1696,1824,32,0,32,32,0,1,1,4294967295
tile01,1728,1824,32,0,32,32,0,1,1,4294967295
tile01,1728,1856,32,0,32,32,0,1,1,4294967295
tile01,1760,1856,32,0,32,32,0,1,1,4294967295
tile01,1792,1856,32,0,32,32,0,1,1,4294967295
tile01,1824,1824,32,0,32,32,0,1,1,4294967295
tile01,1856,1792,32,0,32,32,0,1,1,4294967295
tile01,1824,1792,32,0,32,32,0,1,1,4294967295
tile01,1792,1792,32,0,32,32,0,1,1,4294967295
tile01,1792,1824,32,0,32,32,0,1,1,4294967295
tile01,1760,1824,32,0,32,32,0,1,1,4294967295
tile01,1760,1696,32,0,32,32,0,1,1,4294967295
tile01,1728,1696,32,0,32,32,0,1,1,4294967295
tile01,1728,1664,32,0,32,32,0,1,1,4294967295
tile01,1728,1632,32,0,32,32,0,1,1,4294967295
tile01,1760,1600,32,0,32,32,0,1,1,4294967295
tile01,1760,1632,32,0,32,32,0,1,1,4294967295
tile01,1792,1696,32,0,32,32,0,1,1,4294967295
tile01,1824,1664,32,0,32,32,0,1,1,4294967295
tile01,1760,1664,32,0,32,32,0,1,1,4294967295
tile01,1792,1664,32,0,32,32,0,1,1,4294967295
tile01,1824,1696,32,0,32,32,0,1,1,4294967295
tile01,1856,1696,32,0,32,32,0,1,1,4294967295
tile01,1856,1664,32,0,32,32,0,1,1,4294967295
tile01,1824,1632,32,0,32,32,0,1,1,4294967295
tile01,1792,1632,32,0,32,32,0,1,1,4294967295
tile01,1792,1600,32,0,32,32,0,1,1,4294967295
tile01,1824,1600,32,0,32,32,0,1,1,4294967295
tile01,1824,1568,32,0,32,32,0,1,1,4294967295
tile01,1856,1536,32,0,32,32,0,1,1,4294967295
tile01,1856,1568,32,0,32,32,0,1,1,4294967295
tile01,1856,1600,32,0,32,32,0,1,1,4294967295
tile01,1856,1632,32,0,32,32,0,1,1,4294967295
tile01,1536,1728,0,0,32,32,0,1,1,4294967295
tile01,1568,1728,0,0,32,32,0,1,1,4294967295
tile01,1600,1728,0,0,32,32,0,1,1,4294967295
tile01,1632,1728,0,0,32,32,0,1,1,4294967295
tile01,1664,1728,0,0,32,32,0,1,1,4294967295
tile01,1696,1728,0,0,32,32,0,1,1,4294967295
tile01,1696,1600,0,0,32,32,0,1,1,4294967295
tile01,1728,1536,0,0,32,32,0,1,1,4294967295
tile01,1760,1536,0,0,32,32,0,1,1,4294967295
tile01,1792,1536,0,0,32,32,0,1,1,4294967295
tile01,1909,1654,0,0,32,32,0,1,1,4294967295
tile01,1942,1655,0,0,32,32,0,1,1,4294967295
tile01,1981,1656,0,0,32,32,0,1,1,4294967295
tile01,2018,1657,0,0,32,32,0,1,1,4294967295
tile01,2056,1658,0,0,32,32,0,1,1,4294967295
tile01,2089,1659,0,0,32,32,0,1,1,4294967295
tile01,2126,1661,0,0,32,32,0,1,1,4294967295
tile01,2158,1662,0,0,32,32,0,1,1,4294967295
tile01,2195,1664,0,0,32,32,0,1,1,4294967295
tile01,2213,1663,0,0,32,32,0,1,1,4294967295
tile01,2234,1661,0,0,32,32,0,1,1,4294967295
tile01,2249,1659,0,0,32,32,0,1,1,4294967295
tile01,2262,1654,0,0,32,32,0,1,1,4294967295
tile01,1894,1668,0,0,32,32,0,1,1,4294967295
tile01,1905,1432,0,0,32,32,0,1,1,4294967295
tile01,1923,1431,0,0,32,32,0,1,1,4294967295
tile01,1945,1430,0,0,32,32,0,1,1,4294967295
tile01,1977,1431,0,0,32,32,0,1,1,4294967295
tile01,2009,1431,0,0,32,32,0,1,1,4294967295
tile01,2042,1432,0,0,32,32,0,1,1,4294967295
tile01,2075,1434,0,0,32,32,0,1,1,4294967295
tile01,2108,1434,0,0,32,32,0,1,1,4294967295
tile01,2112,1433,0,0,32,32,0,1,1,4294967295
tile01,2121,1432,0,0,32,32,0,1,1,4294967295
tile01,2149,1431,0,0,32,32,0,1,1,4294967295
tile01,2157,1430,0,0,32,32,0,1,1,4294967295
tile01,2168,1428,0,0,32,32,0,1,1,4294967295
tile01,2179,1427,0,0,32,32,0,1,1,4294967295
tile01,2190,1426,0,0,32,32,0,1,1,4294967295
tile01,2224,1426,0,0,32,32,0,1,1,4294967295
tile01,2256,1426,0,0,32,32,0,1,1,4294967295
tile01,2286,1425,0,0,32,32,0,1,1,4294967295
tile01,2368,1600,0,0,32,32,0,1,1,4294967295
tile01,2400,1600,0,0,32,32,0,1,1,4294967295
tile01,2432,1600,0,0,32,32,0,1,1,4294967295
tile01,2464,1600,0,0,32,32,0,1,1,4294967295
tile01,2464,1568,0,0,32,32,0,1,1,4294967295
tile01,2592,1536,0,0,32,32,0,1,1,4294967295
tile01,2624,1536,0,0,32,32,0,1,1,4294967295
tile01,2656,1536,0,0,32,32,0,1,1,4294967295
tile01,2688,1504,0,0,32,32,0,1,1,4294967295
tile01,2720,1504,0,0,32,32,0,1,1,4294967295
tile01,2752,1472,0,0,32,32,0,1,1,4294967295
tile01,2784,1440,0,0,32,32,0,1,1,4294967295
tile01,2816,1440,0,0,32,32,0,1,1,4294967295
tile01,2848,1408,0,0,32,32,0,1,1,4294967295
tile01,2912,1376,0,0,32,32,0,1,1,4294967295
tile01,2944,1312,0,0,32,32,0,1,1,4294967295
tile01,2976,1280,0,0,32,32,0,1,1,4294967295
tile01,2976,1248,0,0,32,32,0,1,1,4294967295
tile01,2944,1280,0,0,32,32,0,1,1,4294967295
tile01,2912,1312,0,0,32,32,0,1,1,4294967295
tile01,2912,1344,0,0,32,32,0,1,1,4294967295
tile01,2880,1376,0,0,32,32,0,1,1,4294967295
tile01,2848,1376,0,0,32,32,0,1,1,4294967295
tile01,2816,1408,0,0,32,32,0,1,1,4294967295
tile01,2752,1440,0,0,32,32,0,1,1,4294967295
tile01,2656,1504,0,0,32,32,0,1,1,4294967295
tile01,2496,1568,0,0,32,32,0,1,1,4294967295
tile01,2528,1568,0,0,32,32,0,1,1,4294967295
tile01,2560,1568,0,0,32,32,0,1,1,4294967295
tile01,2592,1568,32,0,32,32,0,1,1,4294967295
tile01,2752,1504,32,0,32,32,0,1,1,4294967295
tile01,2880,1408,32,0,32,32,0,1,1,4294967295
tile01,2944,1344,32,0,32,32,0,1,1,4294967295
tile01,2976,1312,32,0,32,32,0,1,1,4294967295
tile01,3008,1312,32,0,32,32,0,1,1,4294967295
tile01,3008,1280,32,0,32,32,0,1,1,4294967295
tile01,3008,1248,32,0,32,32,0,1,1,4294967295
tile01,3008,1216,32,0,32,32,0,1,1,4294967295
tile01,3008,1184,32,0,32,32,0,1,1,4294967295
tile01,3008,1152,32,0,32,32,0,1,1,4294967295
tile01,3008,1120,32,0,32,32,0,1,1,4294967295
tile01,3008,1088,32,0,32,32,0,1,1,4294967295
tile01,3008,1056,32,0,32,32,0,1,1,4294967295
tile01,3008,992,32,0,32,32,0,1,1,4294967295
tile01,3008,960,32,0,32,32,0,1,1,4294967295
tile01,3008,928,32,0,32,32,0,1,1,4294967295
tile01,3008,896,32,0,32,32,0,1,1,4294967295
tile01,3008,864,32,0,32,32,0,1,1,4294967295
tile01,3008,832,32,0,32,32,0,1,1,4294967295
tile01,3008,800,32,0,32,32,0,1,1,4294967295
tile01,3008,768,32,0,32,32,0,1,1,4294967295
tile01,3008,736,32,0,32,32,0,1,1,4294967295
tile01,3008,704,32,0,32,32,0,1,1,4294967295
tile01,3008,672,32,0,32,32,0,1,1,4294967295
tile01,3008,640,32,0,32,32,0,1,1,4294967295
tile01,3040,640,32,0,32,32,0,1,1,4294967295
tile01,3072,640,32,0,32,32,0,1,1,4294967295
tile01,3104,640,32,0,32,32,0,1,1,4294967295
tile01,3136,640,32,0,32,32,0,1,1,4294967295
tile01,3168,640,32,0,32,32,0,1,1,4294967295
tile01,3168,672,32,0,32,32,0,1,1,4294967295
tile01,3168,704,32,0,32,32,0,1,1,4294967295
tile01,3168,736,32,0,32,32,0,1,1,4294967295
tile01,3168,768,32,0,32,32,0,1,1,4294967295
tile01,3168,800,32,0,32,32,0,1,1,4294967295
tile01,3168,832,32,0,32,32,0,1,1,4294967295
tile01,3168,864,32,0,32,32,0,1,1,4294967295
tile01,3168,896,32,0,32,32,0,1,1,4294967295
tile01,3168,928,32,0,32,32,0,1,1,4294967295
tile01,3168,960,32,0,32,32,0,1,1,4294967295
tile01,3168,992,32,0,32,32,0,1,1,4294967295
tile01,3168,1024,32,0,32,32,0,1,1,4294967295
tile01,3168,1056,32,0,32,32,0,1,1,4294967295
tile01,3168,1088,32,0,32,32,0,1,1,4294967295
tile01,3168,1120,32,0,32,32,0,1,1,4294967295
tile01,3168,1152,32,0,32,32,0,1,1,4294967295
tile01,3168,1184,32,0,32,32,0,1,1,4294967295
tile01,3168,1216,32,0,32,32,0,1,1,4294967295
tile01,3168,1248,32,0,32,32,0,1,1,4294967295
tile01,3168,1280,32,0,32,32,0,1,1,4294967295
tile01,3168,1312,32,0,32,32,0,1,1,4294967295
tile01,3136,1312,32,0,32,32,0,1,1,4294967295
tile01,3104,1312,32,0,32,32,0,1,1,4294967295
tile01,3072,1312,32,0,32,32,0,1,1,4294967295
tile01,3040,1312,32,0,32,32,0,1,1,4294967295
tile01,3040,1280,32,0,32,32,0,1,1,4294967295
tile01,3040,1248,32,0,32,32,0,1,1,4294967295
tile01,3040,1216,32,0,32,32,0,1,1,4294967295
tile01,3040,1184,32,0,32,32,0,1,1,4294967295
tile01,3040,1152,32,0,32,32,0,1,1,4294967295
tile01,3040,1120,32,0,32,32,0,1,1,4294967295
tile01,3040,1088,32,0,32,32,0,1,1,4294967295
tile01,3040,1056,32,0,32,32,0,1,1,4294967295
tile01,3040,1024,32,0,32,32,0,1,1,4294967295
tile01,3008,1024,32,0,32,32,0,1,1,4294967295
tile01,3040,992,32,0,32,32,0,1,1,4294967295
tile01,3040,960,32,0,32,32,0,1,1,4294967295
tile01,3040,928,32,0,32,32,0,1,1,4294967295
tile01,3040,896,32,0,32,32,0,1,1,4294967295
tile01,3040,864,32,0,32,32,0,1,1,4294967295
tile01,3040,832,32,0,32,32,0,1,1,4294967295
tile01,3040,800,32,0,32,32,0,1,1,4294967295
tile01,3040,768,32,0,32,32,0,1,1,4294967295
tile01,3040,736,32,0,32,32,0,1,1,4294967295
tile01,3040,704,32,0,32,32,0,1,1,4294967295
tile01,3040,672,32,0,32,32,0,1,1,4294967295
tile01,3072,672,32,0,32,32,0,1,1,4294967295
tile01,3104,672,32,0,32,32,0,1,1,4294967295
tile01,3136,672,32,0,32,32,0,1,1,4294967295
tile01,3136,704,32,0,32,32,0,1,1,4294967295
tile01,3136,832,32,0,32,32,0,1,1,4294967295
tile01,3136,896,32,0,32,32,0,1,1,4294967295
tile01,3136,928,32,0,32,32,0,1,1,4294967295
tile01,3136,960,32,0,32,32,0,1,1,4294967295
tile01,3136,992,32,0,32,32,0,1,1,4294967295
tile01,3136,1024,32,0,32,32,0,1,1,4294967295
tile01,3136,1056,32,0,32,32,0,1,1,4294967295
tile01,3136,864,32,0,32,32,0,1,1,4294967295
tile01,3136,800,32,0,32,32,0,1,1,4294967295
tile01,3136,768,32,0,32,32,0,1,1,4294967295
tile01,3136,736,32,0,32,32,0,1,1,4294967295
tile01,3104,736,32,0,32,32,0,1,1,4294967295
tile01,3104,704,32,0,32,32,0,1,1,4294967295
tile01,3072,704,32,0,32,32,0,1,1,4294967295
tile01,3072,736,32,0,32,32,0,1,1,4294967295
tile01,3072,768,32,0,32,32,0,1,1,4294967295
tile01,3072,800,32,0,32,32,0,1,1,4294967295
tile01,3072,832,32,0,32,32,0,1,1,4294967295
tile01,3072,864,32,0,32,32,0,1,1,4294967295
tile01,3072,896,32,0,32,32,0,1,1,4294967295
tile01,3072,928,32,0,32,32,0,1,1,4294967295
tile01,3072,960,32,0,32,32,0,1,1,4294967295
tile01,3072,992,32,0,32,32,0,1,1,4294967295
tile01,3072,1024,32,0,32,32,0,1,1,4294967295
tile01,3072,1056,32,0,32,32,0,1,1,4294967295
tile01,3072,1088,32,0,32,32,0,1,1,4294967295
tile01,3072,1120,32,0,32,32,0,1,1,4294967295
tile01,3072,1152,32,0,32,32,0,1,1,4294967295
tile01,3072,1184,32,0,32,32,0,1,1,4294967295
tile01,3104,1184,32,0,32,32,0,1,1,4294967295
tile01,3104,1216,32,0,32,32,0,1,1,4294967295
tile01,3104,1248,32,0,32,32,0,1,1,4294967295
tile01,3072,1216,32,0,32,32,0,1,1,4294967295
tile01,3072,1248,32,0,32,32,0,1,1,4294967295
tile01,3072,1280,32,0,32,32,0,1,1,4294967295
tile01,3104,1280,32,0,32,32,0,1,1,4294967295
tile01,3136,1280,32,0,32,32,0,1,1,4294967295
tile01,3136,1248,32,0,32,32,0,1,1,4294967295
tile01,3136,1216,32,0,32,32,0,1,1,4294967295
tile01,3136,1184,32,0,32,32,0,1,1,4294967295
tile01,3136,1152,32,0,32,32,0,1,1,4294967295
tile01,3136,1120,32,0,32,32,0,1,1,4294967295
tile01,3136,1088,32,0,32,32,0,1,1,4294967295
tile01,3104,1152,32,0,32,32,0,1,1,4294967295
tile01,3104,1120,32,0,32,32,0,1,1,4294967295
tile01,3104,1088,32,0,32,32,0,1,1,4294967295
tile01,3104,1056,32,0,32,32,0,1,1,4294967295
tile01,3104,1024,32,0,32,32,0,1,1,4294967295
tile01,3104,992,32,0,32,32,0,1,1,4294967295
tile01,3104,960,32,0,32,32,0,1,1,4294967295
tile01,3104,928,32,0,32,32,0,1,1,4294967295
tile01,3104,896,32,0,32,32,0,1,1,4294967295
tile01,3104,864,32,0,32,32,0,1,1,4294967295
tile01,3104,832,32,0,32,32,0,1,1,4294967295
tile01,3104,800,32,0,32,32,0,1,1,4294967295
tile01,3104,768,32,0,32,32,0,1,1,4294967295
tile01,2976,1088,32,0,32,32,0,1,1,4294967295
tile01,2944,1088,32,0,32,32,0,1,1,4294967295
tile01,2912,1088,32,0,32,32,0,1,1,4294967295
tile01,2880,1088,32,0,32,32,0,1,1,4294967295
tile01,2816,1088,32,0,32,32,0,1,1,4294967295
tile01,2784,1088,32,0,32,32,0,1,1,4294967295
tile01,2720,1088,32,0,32,32,0,1,1,4294967295
tile01,2688,1088,32,0,32,32,0,1,1,4294967295
tile01,2656,1088,32,0,32,32,0,1,1,4294967295
tile01,2624,1088,32,0,32,32,0,1,1,4294967295
tile01,2560,1088,32,0,32,32,0,1,1,4294967295
tile01,2528,1088,32,0,32,32,0,1,1,4294967295
tile01,2496,1088,32,0,32,32,0,1,1,4294967295
tile01,2432,1088,32,0,32,32,0,1,1,4294967295
tile01,2400,1088,32,0,32,32,0,1,1,4294967295
tile01,2368,1088,32,0,32,32,0,1,1,4294967295
tile01,2336,1088,32,0,32,32,0,1,1,4294967295
tile01,2304,1088,32,0,32,32,0,1,1,4294967295
tile01,2272,1088,32,0,32,32,0,1,1,4294967295
tile01,2240,1088,32,0,32,32,0,1,1,4294967295
tile01,2208,1088,32,0,32,32,0,1,1,4294967295
tile01,2176,1088,32,0,32,32,0,1,1,4294967295
tile01,2144,1088,32,0,32,32,0,1,1,4294967295
tile01,2112,1088,32,0,32,32,0,1,1,4294967295
tile01,2112,1056,32,0,32,32,0,1,1,4294967295
tile01,2080,1056,32,0,32,32,0,1,1,4294967295
tile01,2048,1056,32,0,32,32,0,1,1,4294967295
tile01,2016,1088,32,0,32,32,0,1,1,4294967295
tile01,1984,1088,32,0,32,32,0,1,1,4294967295
tile01,2016,1056,32,0,32,32,0,1,1,4294967295
tile01,1984,1056,32,0,32,32,0,1,1,4294967295
tile01,1952,1056,32,0,32,32,0,1,1,4294967295
tile01,1952,1024,32,0,32,32,0,1,1,4294967295
tile01,1952,992,32,0,32,32,0,1,1,4294967295
tile01,1952,960,32,0,32,32,0,1,1,4294967295
tile01,1984,960,32,0,32,32,0,1,1,4294967295
tile01,2016,960,32,0,32,32,0,1,1,4294967295
tile01,2048,960,32,0,32,32,0,1,1,4294967295
tile01,2080,960,32,0,32,32,0,1,1,4294967295
tile01,2112,960,32,0,32,32,0,1,1,4294967295
tile01,2144,960,32,0,32,32,0,1,1,4294967295
tile01,2176,960,32,0,32,32,0,1,1,4294967295
tile01,2208,960,32,0,32,32,0,1,1,4294967295
tile01,2240,960,32,0,32,32,0,1,1,4294967295
tile01,2272,960,32,0,32,32,0,1,1,4294967295
tile01,2304,960,32,0,32,32,0,1,1,4294967295
tile01,2336,960,32,0,32,32,0,1,1,4294967295
tile01,2368,960,32,0,32,32,0,1,1,4294967295
tile01,2400,960,32,0,32,32,0,1,1,4294967295
tile01,2432,960,32,0,32,32,0,1,1,4294967295
tile01,2464,960,32,0,32,32,0,1,1,4294967295
tile01,2496,960,32,0,32,32,0,1,1,4294967295
tile01,2528,960,32,0,32,32,0,1,1,4294967295
tile01,2560,960,32,0,32,32,0,1,1,4294967295
tile01,2592,960,32,0,32,32,0,1,1,4294967295
tile01,2624,960,32,0,32,32,0,1,1,4294967295
tile01,2656,960,32,0,32,32,0,1,1,4294967295
tile01,2688,960,32,0,32,32,0,1,1,4294967295
tile01,2720,960,32,0,32,32,0,1,1,4294967295
tile01,2752,960,32,0,32,32,0,1,1,4294967295
tile01,2784,960,32,0,32,32,0,1,1,4294967295
tile01,2816,960,32,0,32,32,0,1,1,4294967295
tile01,2848,960,32,0,32,32,0,1,1,4294967295
tile01,2880,960,32,0,32,32,0,1,1,4294967295
tile01,2912,960,32,0,32,32,0,1,1,4294967295
tile01,2912,992,32,0,32,32,0,1,1,4294967295
tile01,2944,960,32,0,32,32,0,1,1,4294967295
tile01,2976,960,32,0,32,32,0,1,1,4294967295
tile01,2976,928,32,0,32,32,0,1,1,4294967295
tile01,2976,896,32,0,32,32,0,1,1,4294967295
tile01,2976,864,32,0,32,32,0,1,1,4294967295
tile01,2976,832,32,0,32,32,0,1,1,4294967295
tile01,2976,800,32,0,32,32,0,1,1,4294967295
tile01,2976,768,32,0,32,32,0,1,1,4294967295
tile01,1984,1024,32,0,32,32,0,1,1,4294967295
tile01,2016,1024,32,0,32,32,0,1,1,4294967295
tile01,2048,1024,32,0,32,32,0,1,1,4294967295
tile01,2080,1024,32,0,32,32,0,1,1,4294967295
tile01,2112,1024,32,0,32,32,0,1,1,4294967295
tile01,2144,1024,32,0,32,32,0,1,1,4294967295
tile01,2176,1024,32,0,32,32,0,1,1,4294967295
tile01,2208,1024,32,0,32,32,0,1,1,4294967295
tile01,2240,1024,32,0,32,32,0,1,1,4294967295
tile01,2272,1024,32,0,32,32,0,1,1,4294967295
tile01,2304,1024,32,0,32,32,0,1,1,4294967295
tile01,2336,1024,32,0,32,32,0,1,1,4294967295
tile01,2368,1024,32,0,32,32,0,1,1,4294967295
tile01,2400,1024,32,0,32,32,0,1,1,4294967295
tile01,2432,1024,32,0,32,32,0,1,1,4294967295
tile01,2464,1024,32,0,32,32,0,1,1,4294967295
tile01,2496,1024,32,0,32,32,0,1,1,4294967295
tile01,2528,1024,32,0,32,32,0,1,1,4294967295
tile01,2560,1024,32,0,32,32,0,1,1,4294967295
tile01,2592,1024,32,0,32,32,0,1,1,4294967295
tile01,2624,1024,32,0,32,32,0,1,1,4294967295
tile01,2656,1024,32,0,32,32,0,1,1,4294967295
tile01,2688,1024,32,0,32,32,0,1,1,4294967295
tile01,2720,1024,32,0,32,32,0,1,1,4294967295
tile01,2752,1024,32,0,32,32,0,1,1,4294967295
tile01,2784,1024,32,0,32,32,0,1,1,4294967295
tile01,2816,1024,32,0,32,32,0,1,1,4294967295
tile01,2848,1024,32,0,32,32,0,1,1,4294967295
tile01,2880,1024,32,0,32,32,0,1,1,4294967295
tile01,2912,1024,32,0,32,32,0,1,1,4294967295
tile01,2944,992,32,0,32,32,0,1,1,4294967295
tile01,2976,992,32,0,32,32,0,1,1,4294967295
tile01,2976,1024,32,0,32,32,0,1,1,4294967295
tile01,2944,1024,32,0,32,32,0,1,1,4294967295
tile01,2912,1056,32,0,32,32,0,1,1,4294967295
tile01,2976,1056,32,0,32,32,0,1,1,4294967295
tile01,2944,1056,32,0,32,32,0,1,1,4294967295
tile01,2880,1056,32,0,32,32,0,1,1,4294967295
tile01,2848,1056,32,0,32,32,0,1,1,4294967295
tile01,2816,1056,32,0,32,32,0,1,1,4294967295
tile01,2784,1056,32,0,32,32,0,1,1,4294967295
tile01,2752,1056,32,0,32,32,0,1,1,4294967295
tile01,2720,1056,32,0,32,32,0,1,1,4294967295
tile01,2688,1056,32,0,32,32,0,1,1,4294967295
tile01,2656,1056,32,0,32,32,0,1,1,4294967295
tile01,2624,1056,32,0,32,32,0,1,1,4294967295
tile01,2592,1056,32,0,32,32,0,1,1,4294967295
tile01,2560,1056,32,0,32,32,0,1,1,4294967295
tile01,2528,1056,32,0,32,32,0,1,1,4294967295
tile01,2496,1056,32,0,32,32,0,1,1,4294967295
tile01,2464,1056,32,0,32,32,0,1,1,4294967295
tile01,2432,1056,32,0,32,32,0,1,1,4294967295
tile01,2400,1056,32,0,32,32,0,1,1,4294967295
tile01,2368,1056,32,0,32,32,0,1,1,4294967295
tile01,2336,1056,32,0,32,32,0,1,1,4294967295
tile01,2304,1056,32,0,32,32,0,1,1,4294967295
tile01,2272,1056,32,0,32,32,0,1,1,4294967295
tile01,2240,1056,32,0,32,32,0,1,1,4294967295
tile01,2208,1056,32,0,32,32,0,1,1,4294967295
tile01,2176,1056,32,0,32,32,0,1,1,4294967295
tile01,2144,1056,32,0,32,32,0,1,1,4294967295
tile01,1984,992,32,0,32,32,0,1,1,4294967295
tile01,2016,992,32,0,32,32,0,1,1,4294967295
tile01,2048,992,32,0,32,32,0,1,1,4294967295
tile01,2080,992,32,0,32,32,0,1,1,4294967295
tile01,2112,992,32,0,32,32,0,1,1,4294967295
tile01,2144,992,32,0,32,32,0,1,1,4294967295
tile01,2176,992,32,0,32,32,0,1,1,4294967295
tile01,2208,992,32,0,32,32,0,1,1,4294967295
tile01,2240,992,32,0,32,32,0,1,1,4294967295
tile01,2272,992,32,0,32,32,0,1,1,4294967295
tile01,2304,992,32,0,32,32,0,1,1,4294967295
tile01,2336,992,32,0,32,32,0,1,1,4294967295
tile01,2368,992,32,0,32,32,0,1,1,4294967295
tile01,2400,992,32,0,32,32,0,1,1,4294967295
tile01,2432,992,32,0,32,32,0,1,1,4294967295
tile01,2464,992,32,0,32,32,0,1,1,4294967295
tile01,2496,992,32,0,32,32,0,1,1,4294967295
tile01,2528,992,32,0,32,32,0,1,1,4294967295
tile01,2560,992,32,0,32,32,0,1,1,4294967295
tile01,2592,992,32,0,32,32,0,1,1,4294967295
tile01,2624,992,32,0,32,32,0,1,1,4294967295
tile01,2656,992,32,0,32,32,0,1,1,4294967295
tile01,2688,992,32,0,32,32,0,1,1,4294967295
tile01,2720,992,32,0,32,32,0,1,1,4294967295
tile01,2752,992,32,0,32,32,0,1,1,4294967295
tile01,2784,992,32,0,32,32,0,1,1,4294967295
tile01,2816,992,32,0,32,32,0,1,1,4294967295
tile01,2848,992,32,0,32,32,0,1,1,4294967295
tile01,2880,992,32,0,32,32,0,1,1,4294967295
tile01,2944,928,32,0,32,32,0,1,1,4294967295
tile01,2944,896,32,0,32,32,0,1,1,4294967295
tile01,2944,864,32,0,32,32,0,1,1,4294967295
tile01,2944,832,32,0,32,32,0,1,1,4294967295
tile01,2944,800,32,0,32,32,0,1,1,4294967295
tile01,2944,768,32,0,32,32,0,1,1,4294967295
tile01,2944,736,32,0,32,32,0,1,1,4294967295
tile01,2976,736,32,0,32,32,0,1,1,4294967295
tile01,2976,704,32,0,32,32,0,1,1,4294967295
tile01,2976,672,32,0,32,32,0,1,1,4294967295
tile01,2976,640,32,0,32,32,0,1,1,4294967295
tile01,2944,640,32,0,32,32,0,1,1,4294967295
tile01,2912,640,32,0,32,32,0,1,1,4294967295
tile01,2880,640,32,0,32,32,0,1,1,4294967295
tile01,2848,640,32,0,32,32,0,1,1,4294967295
tile01,2816,640,32,0,32,32,0,1,1,4294967295
tile01,2784,640,32,0,32,32,0,1,1,4294967295
tile01,2752,640,32,0,32,32,0,1,1,4294967295
tile01,2720,640,32,0,32,32,0,1,1,4294967295
tile01,2688,640,32,0,32,32,0,1,1,4294967295
tile01,2656,640,32,0,32,32,0,1,1,4294967295
tile01,2624,640,32,0,32,32,0,1,1,4294967295
tile01,2592,640,32,0,32,32,0,1,1,4294967295
tile01,2560,640,32,0,32,32,0,1,1,4294967295
tile01,2528,640,32,0,32,32,0,1,1,4294967295
tile01,2496,640,32,0,32,32,0,1,1,4294967295
tile01,2464,640,32,0,32,32,0,1,1,4294967295
tile01,2432,640,32,0,32,32,0,1,1,4294967295
tile01,2400,640,32,0,32,32,0,1,1,4294967295
tile01,2368,640,32,0,32,32,0,1,1,4294967295
tile01,2336,640,32,0,32,32,0,1,1,4294967295
tile01,2304,640,32,0,32,32,0,1,1,4294967295
tile01,2272,640,32,0,32,32,0,1,1,4294967295
tile01,2240,640,32,0,32,32,0,1,1,4294967295
tile01,2208,640,32,0,32,32,0,1,1,4294967295
tile01,2176,640,32,0,32,32,0,1,1,4294967295
tile01,2144,640,32,0,32,32,0,1,1,4294967295
tile01,2112,640,32,0,32,32,0,1,1,4294967295
tile01,2080,640,32,0,32,32,0,1,1,4294967295
tile01,2048,640,32,0,32,32,0,1,1,4294967295
tile01,2016,640,32,0,32,32,0,1,1,4294967295
tile01,1984,640,32,0,32,32,0,1,1,4294967295
tile01,1952,640,32,0,32,32,0,1,1,4294967295
tile01,1952,672,32,0,32,32,0,1,1,4294967295
tile01,1952,704,32,0,32,32,0,1,1,4294967295
tile01,1952,736,32,0,32,32,0,1,1,4294967295
tile01,1952,768,32,0,32,32,0,1,1,4294967295
tile01,1952,800,32,0,32,32,0,1,1,4294967295
tile01,1952,832,32,0,32,32,0,1,1,4294967295
tile01,1952,864,32,0,32,32,0,1,1,4294967295
tile01,1952,896,32,0,32,32,0,1,1,4294967295
tile01,1984,896,32,0,32,32,0,1,1,4294967295
tile01,1952,928,32,0,32,32,0,1,1,4294967295
tile01,1984,928,32,0,32,32,0,1,1,4294967295
tile01,2080,928,32,0,32,32,0,1,1,4294967295
tile01,2016,928,32,0,32,32,0,1,1,4294967295
tile01,2048,928,32,0,32,32,0,1,1,4294967295
tile01,2112,928,32,0,32,32,0,1,1,4294967295
tile01,2144,928,32,0,32,32,0,1,1,4294967295
tile01,2176,928,32,0,32,32,0,1,1,4294967295
tile01,2208,928,32,0,32,32,0,1,1,4294967295
tile01,2240,928,32,0,32,32,0,1,1,4294967295
tile01,2272,928,32,0,32,32,0,1,1,4294967295
tile01,2304,928,32,0,32,32,0,1,1,4294967295
tile01,2336,928,32,0,32,32,0,1,1,4294967295
tile01,2368,928,32,0,32,32,0,1,1,4294967295
tile01,2400,928,32,0,32,32,0,1,1,4294967295
tile01,2432,928,32,0,32,32,0,1,1,4294967295
tile01,2464,928,32,0,32,32,0,1,1,4294967295
tile01,2496,928,32,0,32,32,0,1,1,4294967295
tile01,2528,928,32,0,32,32,0,1,1,4294967295
tile01,2560,928,32,0,32,32,0,1,1,4294967295
tile01,2592,928,32,0,32,32,0,1,1,4294967295
tile01,2624,928,32,0,32,32,0,1,1,4294967295
tile01,2656,928,32,0,32,32,0,1,1,4294967295
tile01,2688,928,32,0,32,32,0,1,1,4294967295
tile01,2720,928,32,0,32,32,0,1,1,4294967295
tile01,2752,928,32,0,32,32,0,1,1,4294967295
tile01,2784,928,32,0,32,32,0,1,1,4294967295
tile01,2816,928,32,0,32,32,0,1,1,4294967295
tile01,2848,928,32,0,32,32,0,1,1,4294967295
tile01,2880,928,32,0,32,32,0,1,1,4294967295
tile01,2912,928,32,0,32,32,0,1,1,4294967295
tile01,2912,896,32,0,32,32,0,1,1,4294967295
tile01,2912,864,32,0,32,32,0,1,1,4294967295
tile01,2912,832,32,0,32,32,0,1,1,4294967295
tile01,2912,800,32,0,32,32,0,1,1,4294967295
tile01,2912,768,32,0,32,32,0,1,1,4294967295
tile01,2912,736,32,0,32,32,0,1,1,4294967295
tile01,2912,704,32,0,32,32,0,1,1,4294967295
tile01,2944,704,32,0,32,32,0,1,1,4294967295
tile01,2944,672,32,0,32,32,0,1,1,4294967295
tile01,2912,672,32,0,32,32,0,1,1,4294967295
tile01,2880,672,32,0,32,32,0,1,1,4294967295
tile01,2848,672,32,0,32,32,0,1,1,4294967295
tile01,2816,672,32,0,32,32,0,1,1,4294967295
tile01,2784,672,32,0,32,32,0,1,1,4294967295
tile01,2752,672,32,0,32,32,0,1,1,4294967295
tile01,2720,672,32,0,32,32,0,1,1,4294967295
tile01,2688,672,32,0,32,32,0,1,1,4294967295
tile01,2656,672,32,0,32,32,0,1,1,4294967295
tile01,2624,672,32,0,32,32,0,1,1,4294967295
tile01,2592,672,32,0,32,32,0,1,1,4294967295
tile01,2560,672,32,0,32,32,0,1,1,4294967295
tile01,2528,672,32,0,32,32,0,1,1,4294967295
tile01,2496,672,32,0,32,32,0,1,1,4294967295
tile01,2464,672,32,0,32,32,0,1,1,4294967295
tile01,2432,672,32,0,32,32,0,1,1,4294967295
tile01,2400,672,32,0,32,32,0,1,1,4294967295
tile01,2368,672,32,0,32,32,0,1,1,4294967295
tile01,2336,672,32,0,32,32,0,1,1,4294967295
tile01,2304,672,32,0,32,32,0,1,1,4294967295
tile01,2272,672,32,0,32,32,0,1,1,4294967295
tile01,2240,672,32,0,32,32,0,1,1,4294967295
tile01,2208,672,32,0,32,32,0,1,1,4294967295
tile01,2176,672,32,0,32,32,0,1,1,4294967295
tile01,2144,672,32,0,32,32,0,1,1,4294967295
tile01,2112,672,32,0,32,32,0,1,1,4294967295
tile01,2080,672,32,0,32,32,0,1,1,4294967295
tile01,2048,672,32,0,32,32,0,1,1,4294967295
tile01,2016,672,32,0,32,32,0,1,1,4294967295
tile01,1984,672,32,0,32,32,0,1,1,4294967295
tile01,1984,704,32,0,32,32,0,1,1,4294967295
tile01,1984,736,32,0,32,32,0,1,1,4294967295
tile01,1984,768,32,0,32,32,0,1,1,4294967295
tile01,1984,800,32,0,32,32,0,1,1,4294967295
tile01,1984,832,32,0,32,32,0,1,1,4294967295
tile01,1984,864,32,0,32,32,0,1,1,4294967295
tile01,2016,896,32,0,32,32,0,1,1,4294967295
tile01,2048,896,32,0,32,32,0,1,1,4294967295
tile01,2080,896,32,0,32,32,0,1,1,4294967295
tile01,2112,896,32,0,32,32,0,1,1,4294967295
tile01,2144,896,32,0,32,32,0,1,1,4294967295
tile01,2176,896,32,0,32,32,0,1,1,4294967295
tile01,2208,896,32,0,32,32,0,1,1,4294967295
tile01,2240,896,32,0,32,32,0,1,1,4294967295
tile01,2272,896,32,0,32,32,0,1,1,4294967295
tile01,2304,896,32,0,32,32,0,1,1,4294967295
tile01,2336,896,32,0,32,32,0,1,1,4294967295
tile01,2368,896,32,0,32,32,0,1,1,4294967295
tile01,2400,896,32,0,32,32,0,1,1,4294967295
tile01,2432,896,32,0,32,32,0,1,1,4294967295
tile01,2464,896,32,0,32,32,0,1,1,4294967295
tile01,2496,896,32,0,32,32,0,1,1,4294967295
tile01,2560,896,32,0,32,32,0,1,1,4294967295
tile01,2624,896,32,0,32,32,0,1,1,4294967295
tile01,2656,896,32,0,32,32,0,1,1,4294967295
tile01,2688,896,32,0,32,32,0,1,1,4294967295
tile01,2720,896,32,0,32,32,0,1,1,4294967295
tile01,2752,896,32,0,32,32,0,1,1,4294967295
tile01,2784,896,32,0,32,32,0,1,1,4294967295
tile01,2848,896,32,0,32,32,0,1,1,4294967295
tile01,2880,896,32,0,32,32,0,1,1,4294967295
tile01,2880,864,32,0,32,32,0,1,1,4294967295
tile01,2848,864,32,0,32,32,0,1,1,4294967295
tile01,2816,864,32,0,32,32,0,1,1,4294967295
tile01,2816,896,32,0,32,32,0,1,1,4294967295
tile01,2624,864,32,0,32,32,0,1,1,4294967295
tile01,2560,864,32,0,32,32,0,1,1,4294967295
tile01,2592,864,32,0,32,32,0,1,1,4294967295
tile01,2688,864,32,0,32,32,0,1,1,4294967295
tile01,2784,864,32,0,32,32,0,1,1,4294967295
tile01,2752,864,32,0,32,32,0,1,1,4294967295
tile01,2720,864,32,0,32,32,0,1,1,4294967295
tile01,2656,864,32,0,32,32,0,1,1,4294967295
tile01,2592,896,32,0,32,32,0,1,1,4294967295
tile01,2528,896,32,0,32,32,0,1,1,4294967295
tile01,2528,864,32,0,32,32,0,1,1,4294967295
tile01,2496,864,32,0,32,32,0,1,1,4294967295
tile01,2464,864,32,0,32,32,0,1,1,4294967295
tile01,2432,864,32,0,32,32,0,1,1,4294967295
tile01,2400,864,32,0,32,32,0,1,1,4294967295
tile01,2368,864,32,0,32,32,0,1,1,4294967295
tile01,2336,864,32,0,32,32,0,1,1,4294967295
tile01,2304,864,32,0,32,32,0,1,1,4294967295
tile01,2272,864,32,0,32,32,0,1,1,4294967295
tile01,2240,864,32,0,32,32,0,1,1,4294967295
tile01,2208,864,32,0,32,32,0,1,1,4294967295
tile01,2176,864,32,0,32,32,0,1,1,4294967295
tile01,2144,864,32,0,32,32,0,1,1,4294967295
tile01,2112,864,32,0,32,32,0,1,1,4294967295
tile01,2080,864,32,0,32,32,0,1,1,4294967295
tile01,2048,864,32,0,32,32,0,1,1,4294967295
tile01,2016,864,32,0,32,32,0,1,1,4294967295
tile01,2016,832,32,0,32,32,0,1,1,4294967295
tile01,2048,832,32,0,32,32,0,1,1,4294967295
tile01,2080,832,32,0,32,32,0,1,1,4294967295
tile01,2112,832,32,0,32,32,0,1,1,4294967295
tile01,2144,832,32,0,32,32,0,1,1,4294967295
tile01,2176,832,32,0,32,32,0,1,1,4294967295
tile01,2208,832,32,0,32,32,0,1,1,4294967295
tile01,2240,832,32,0,32,32,0,1,1,4294967295
tile01,2272,832,32,0,32,32,0,1,1,4294967295
tile01,2304,832,32,0,32,32,0,1,1,4294967295
tile01,2336,832,32,0,32,32,0,1,1,4294967295
tile01,2368,832,32,0,32,32,0,1,1,4294967295
tile01,2400,832,32,0,32,32,0,1,1,4294967295
tile01,2432,832,32,0,32,32,0,1,1,4294967295
tile01,2464,832,32,0,32,32,0,1,1,4294967295
tile01,2496,832,32,0,32,32,0,1,1,4294967295
tile01,2528,832,32,0,32,32,0,1,1,4294967295
tile01,2560,832,32,0,32,32,0,1,1,4294967295
tile01,2592,832,32,0,32,32,0,1,1,4294967295
tile01,2624,832,32,0,32,32,0,1,1,4294967295
tile01,2656,832,32,0,32,32,0,1,1,4294967295
tile01,2688,832,32,0,32,32,0,1,1,4294967295
tile01,2720,832,32,0,32,32,0,1,1,4294967295
tile01,2752,832,32,0,32,32,0,1,1,4294967295
tile01,2784,832,32,0,32,32,0,1,1,4294967295
tile01,2816,832,32,0,32,32,0,1,1,4294967295
tile01,2848,832,32,0,32,32,0,1,1,4294967295
tile01,2880,832,32,0,32,32,0,1,1,4294967295
tile01,2880,800,32,0,32,32,0,1,1,4294967295
tile01,2848,800,32,0,32,32,0,1,1,4294967295
tile01,2816,800,32,0,32,32,0,1,1,4294967295
tile01,2784,800,32,0,32,32,0,1,1,4294967295
tile01,2752,800,32,0,32,32,0,1,1,4294967295
tile01,2720,800,32,0,32,32,0,1,1,4294967295
tile01,2688,800,32,0,32,32,0,1,1,4294967295
tile01,2656,800,32,0,32,32,0,1,1,4294967295
tile01,2624,800,32,0,32,32,0,1,1,4294967295
tile01,2592,800,32,0,32,32,0,1,1,4294967295
tile01,2560,800,32,0,32,32,0,1,1,4294967295
tile01,2528,800,32,0,32,32,0,1,1,4294967295
tile01,2496,800,32,0,32,32,0,1,1,4294967295
tile01,2464,800,32,0,32,32,0,1,1,4294967295
tile01,2432,800,32,0,32,32,0,1,1,4294967295
tile01,2400,800,32,0,32,32,0,1,1,4294967295
tile01,2368,800,32,0,32,32,0,1,1,4294967295
tile01,2336,800,32,0,32,32,0,1,1,4294967295
tile01,2304,800,32,0,32,32,0,1,1,4294967295
tile01,2272,800,32,0,32,32,0,1,1,4294967295
tile01,2240,800,32,0,32,32,0,1,1,4294967295
tile01,2208,800,32,0,32,32,0,1,1,4294967295
tile01,2176,800,32,0,32,32,0,1,1,4294967295
tile01,2144,800,32,0,32,32,0,1,1,4294967295
tile01,2112,800,32,0,32,32,0,1,1,4294967295
tile01,2080,800,32,0,32,32,0,1,1,4294967295
tile01,2048,800,32,0,32,32,0,1,1,4294967295
tile01,2016,800,32,0,32,32,0,1,1,4294967295
tile01,2016,768,32,0,32,32,0,1,1,4294967295
tile01,2048,768,32,0,32,32,0,1,1,4294967295
tile01,2080,768,32,0,32,32,0,1,1,4294967295
tile01,2112,768,32,0,32,32,0,1,1,4294967295
tile01,2144,768,32,0,32,32,0,1,1,4294967295
tile01,2176,768,32,0,32,32,0,1,1,4294967295
tile01,2304,768,32,0,32,32,0,1,1,4294967295
tile01,2272,768,32,0,32,32,0,1,1,4294967295
tile01,2208,768,32,0,32,32,0,1,1,4294967295
tile01,2240,768,32,0,32,32,0,1,1,4294967295
tile01,2336,768,32,0,32,32,0,1,1,4294967295
tile01,2368,768,32,0,32,32,0,1,1,4294967295
tile01,2400,768,32,0,32,32,0,1,1,4294967295
tile01,2432,768,32,0,32,32,0,1,1,4294967295
tile01,2464,768,32,0,32,32,0,1,1,4294967295
tile01,2496,768,32,0,32,32,0,1,1,4294967295
tile01,2528,768,32,0,32,32,0,1,1,4294967295
tile01,2560,768,32,0,32,32,0,1,1,4294967295
tile01,2592,768,32,0,32,32,0,1,1,4294967295
tile01,2624,768,32,0,32,32,0,1,1,4294967295
tile01,2656,768,32,0,32,32,0,1,1,4294967295
tile01,2688,768,32,0,32,32,0,1,1,4294967295
tile01,2720,768,32,0,32,32,0,1,1,4294967295
tile01,2752,768,32,0,32,32,0,1,1,4294967295
tile01,2784,768,32,0,32,32,0,1,1,4294967295
tile01,2816,768,32,0,32,32,0,1,1,4294967295
tile01,2848,768,32,0,32,32,0,1,1,4294967295
tile01,2880,768,32,0,32,32,0,1,1,4294967295
tile01,2880,736,32,0,32,32,0,1,1,4294967295
tile01,2880,704,32,0,32,32,0,1,1,4294967295
tile01,2848,704,32,0,32,32,0,1,1,4294967295
tile01,2816,704,32,0,32,32,0,1,1,4294967295
tile01,2784,704,32,0,32,32,0,1,1,4294967295
tile01,2752,704,32,0,32,32,0,1,1,4294967295
tile01,2720,704,32,0,32,32,0,1,1,4294967295
tile01,2688,704,32,0,32,32,0,1,1,4294967295
tile01,2656,704,32,0,32,32,0,1,1,4294967295
tile01,2624,704,32,0,32,32,0,1,1,4294967295
tile01,2592,704,32,0,32,32,0,1,1,4294967295
tile01,2560,704,32,0,32,32,0,1,1,4294967295
tile01,2528,704,32,0,32,32,0,1,1,4294967295
tile01,2464,704,32,0,32,32,0,1,1,4294967295
tile01,2432,704,32,0,32,32,0,1,1,4294967295
tile01,2400,704,32,0,32,32,0,1,1,4294967295
tile01,2368,704,32,0,32,32,0,1,1,4294967295
tile01,2272,704,32,0,32,32,0,1,1,4294967295
tile01,2240,704,32,0,32,32,0,1,1,4294967295
tile01,2208,704,32,0,32,32,0,1,1,4294967295
tile01,2176,704,32,0,32,32,0,1,1,4294967295
tile01,2144,704,32,0,32,32,0,1,1,4294967295
tile01,2112,704,32,0,32,32,0,1,1,4294967295
tile01,2080,704,32,0,32,32,0,1,1,4294967295
tile01,2048,704,32,0,32,32,0,1,1,4294967295
tile01,2016,704,32,0,32,32,0,1,1,4294967295
tile01,2016,736,32,0,32,32,0,1,1,4294967295
tile01,2048,736,32,0,32,32,0,1,1,4294967295
tile01,2080,736,32,0,32,32,0,1,1,4294967295
tile01,2112,736,32,0,32,32,0,1,1,4294967295
tile01,2144,736,32,0,32,32,0,1,1,4294967295
tile01,2176,736,32,0,32,32,0,1,1,4294967295
tile01,2208,736,32,0,32,32,0,1,1,4294967295
tile01,2240,736,32,0,32,32,0,1,1,4294967295
tile01,2336,736,32,0,32,32,0,1,1,4294967295
tile01,2336,704,32,0,32,32,0,1,1,4294967295
tile01,2304,704,32,0,32,32,0,1,1,4294967295
tile01,2272,736,32,0,32,32,0,1,1,4294967295
tile01,2304,736,32,0,32,32,0,1,1,4294967295
tile01,2368,736,32,0,32,32,0,1,1,4294967295
tile01,2400,736,32,0,32,32,0,1,1,4294967295
tile01,2432,736,32,0,32,32,0,1,1,4294967295
tile01,2464,736,32,0,32,32,0,1,1,4294967295
tile01,2496,704,32,0,32,32,0,1,1,4294967295
tile01,2496,736,32,0,32,32,0,1,1,4294967295
tile01,2528,736,32,0,32,32,0,1,1,4294967295
tile01,2560,736,32,0,32,32,0,1,1,4294967295
tile01,2592,736,32,0,32,32,0,1,1,4294967295
tile01,2624,736,32,0,32,32,0,1,1,4294967295
tile01,2656,736,32,0,32,32,0,1,1,4294967295
tile01,2688,736,32,0,32,32,0,1,1,4294967295
tile01,2720,736,32,0,32,32,0,1,1,4294967295
tile01,2752,736,32,0,32,32,0,1,1,4294967295
tile01,2784,736,32,0,32,32,0,1,1,4294967295
tile01,2816,736,32,0,32,32,0,1,1,4294967295
tile01,2848,736,32,0,32,32,0,1,1,4294967295
tile01,2368,1632,32,0,32,32,0,1,1,4294967295
tile01,2368,1664,32,0,32,32,0,1,1,4294967295
tile01,2368,1696,32,0,32,32,0,1,1,4294967295
tile01,2368,1728,32,0,32,32,0,1,1,4294967295
tile01,2368,1760,32,0,32,32,0,1,1,4294967295
tile01,2368,1792,32,0,32,32,0,1,1,4294967295
tile01,2368,1824,32,0,32,32,0,1,1,4294967295
tile01,2368,1856,32,0,32,32,0,1,1,4294967295
tile01,2368,1888,32,0,32,32,0,1,1,4294967295
tile01,2368,1920,32,0,32,32,0,1,1,4294967295
tile01,2368,1952,32,0,32,32,0,1,1,4294967295
tile01,2368,1984,32,0,32,32,0,1,1,4294967295
tile01,2368,2016,32,0,32,32,0,1,1,4294967295
tile01,2368,2048,32,0,32,32,0,1,1,4294967295
tile01,2368,2080,32,0,32,32,0,1,1,4294967295
tile01,2368,2112,32,0,32,32,0,1,1,4294967295
tile01,2368,2144,32,0,32,32,0,1,1,4294967295
tile01,2368,2176,32,0,32,32,0,1,1,4294967295
tile01,2368,2208,32,0,32,32,0,1,1,4294967295
tile01,2368,2240,32,0,32,32,0,1,1,4294967295
tile01,2368,2272,32,0,32,32,0,1,1,4294967295
tile01,2368,2304,32,0,32,32,0,1,1,4294967295
tile01,2368,2336,32,0,32,32,0,1,1,4294967295
tile01,2368,2368,32,0,32,32,0,1,1,4294967295
tile01,2368,2400,32,0,32,32,0,1,1,4294967295
tile01,2400,2400,32,0,32,32,0,1,1,4294967295
tile01,2432,2400,32,0,32,32,0,1,1,4294967295
tile01,2464,2400,32,0,32,32,0,1,1,4294967295
tile01,2496,2400,32,0,32,32,0,1,1,4294967295
tile01,2528,2400,32,0,32,32,0,1,1,4294967295
tile01,2560,2400,32,0,32,32,0,1,1,4294967295
tile01,2592,2400,32,0,32,32,0,1,1,4294967295
tile01,2624,2400,32,0,32,32,0,1,1,4294967295
tile01,2656,2400,32,0,32,32,0,1,1,4294967295
tile01,2688,2400,32,0,32,32,0,1,1,4294967295
tile01,2720,2400,32,0,32,32,0,1,1,4294967295
tile01,2752,2400,32,0,32,32,0,1,1,4294967295
tile01,2784,2400,32,0,32,32,0,1,1,4294967295
tile01,2816,2400,32,0,32,32,0,1,1,4294967295
tile01,2848,2400,32,0,32,32,0,1,1,4294967295
tile01,2880,2400,32,0,32,32,0,1,1,4294967295
tile01,2912,2400,32,0,32,32,0,1,1,4294967295
tile01,2944,2400,32,0,32,32,0,1,1,4294967295
tile01,2976,2400,32,0,32,32,0,1,1,4294967295
tile01,3008,2400,32,0,32,32,0,1,1,4294967295
tile01,3040,2400,32,0,32,32,0,1,1,4294967295
tile01,3072,2400,32,0,32,32,0,1,1,4294967295
tile01,3104,2400,32,0,32,32,0,1,1,4294967295
tile01,3136,2400,32,0,32,32,0,1,1,4294967295
tile01,3168,2400,32,0,32,32,0,1,1,4294967295
tile01,3168,2368,32,0,32,32,0,1,1,4294967295
tile01,3136,2368,32,0,32,32,0,1,1,4294967295
tile01,3104,2368,32,0,32,32,0,1,1,4294967295
tile01,3072,2368,32,0,32,32,0,1,1,4294967295
tile01,3040,2368,32,0,32,32,0,1,1,4294967295
tile01,3008,2368,32,0,32,32,0,1,1,4294967295
tile01,2976,2368,32,0,32,32,0,1,1,4294967295
tile01,2944,2368,32,0,32,32,0,1,1,4294967295
tile01,2912,2368,32,0,32,32,0,1,1,4294967295
tile01,2880,2368,32,0,32,32,0,1,1,4294967295
tile01,2848,2368,32,0,32,32,0,1,1,4294967295
tile01,2816,2368,32,0,32,32,0,1,1,4294967295
tile01,2784,2368,32,0,32,32,0,1,1,4294967295
tile01,2752,2368,32,0,32,32,0,1,1,4294967295
tile01,2720,2368,32,0,32,32,0,1,1,4294967295
tile01,2688,2368,32,0,32,32,0,1,1,4294967295
tile01,2656,2368,32,0,32,32,0,1,1,4294967295
tile01,2624,2368,32,0,32,32,0,1,1,4294967295
tile01,2592,2368,32,0,32,32,0,1,1,4294967295
tile01,2560,2368,32,0,32,32,0,1,1,4294967295
tile01,2528,2368,32,0,32,32,0,1,1,4294967295
tile01,2496,2368,32,0,32,32,0,1,1,4294967295
tile01,2464,2368,32,0,32,32,0,1,1,4294967295
tile01,2432,2368,32,0,32,32,0,1,1,4294967295
tile01,2400,2368,32,0,32,32,0,1,1,4294967295
tile01,2400,2336,32,0,32,32,0,1,1,4294967295
tile01,2432,2336,32,0,32,32,0,1,1,4294967295
tile01,2464,2336,32,0,32,32,0,1,1,4294967295
tile01,2496,2336,32,0,32,32,0,1,1,4294967295
tile01,2528,2336,32,0,32,32,0,1,1,4294967295
tile01,2560,2336,32,0,32,32,0,1,1,4294967295
tile01,2592,2336,32,0,32,32,0,1,1,4294967295
tile01,2624,2336,32,0,32,32,0,1,1,4294967295
tile01,2656,2336,32,0,32,32,0,1,1,4294967295
tile01,2688,2336,32,0,32,32,0,1,1,4294967295
tile01,2720,2336,32,0,32,32,0,1,1,4294967295
tile01,2752,2336,32,0,32,32,0,1,1,4294967295
tile01,2784,2336,32,0,32,32,0,1,1,4294967295
tile01,2816,2336,32,0,32,32,0,1,1,4294967295
tile01,2848,2336,32,0,32,32,0,1,1,4294967295
tile01,2880,2336,32,0,32,32,0,1,1,4294967295
tile01,2912,2336,32,0,32,32,0,1,1,4294967295
tile01,2944,2336,32,0,32,32,0,1,1,4294967295
tile01,2976,2336,32,0,32,32,0,1,1,4294967295
tile01,3008,2336,32,0,32,32,0,1,1,4294967295
tile01,3040,2336,32,0,32,32,0,1,1,4294967295
tile01,3072,2336,32,0,32,32,0,1,1,4294967295
tile01,3104,2336,32,0,32,32,0,1,1,4294967295
tile01,3136,2336,32,0,32,32,0,1,1,4294967295
tile01,3168,2336,32,0,32,32,0,1,1,4294967295
tile01,3168,2304,32,0,32,32,0,1,1,4294967295
tile01,3136,2304,32,0,32,32,0,1,1,4294967295
tile01,3104,2304,32,0,32,32,0,1,1,4294967295
tile01,3072,2304,32,0,32,32,0,1,1,4294967295
tile01,3040,2304,32,0,32,32,0,1,1,4294967295
tile01,3008,2304,32,0,32,32,0,1,1,4294967295
tile01,2976,2304,32,0,32,32,0,1,1,4294967295
tile01,2944,2304,32,0,32,32,0,1,1,4294967295
tile01,2912,2304,32,0,32,32,0,1,1,4294967295
tile01,2880,2304,32,0,32,32,0,1,1,4294967295
tile01,2848,2304,32,0,32,32,0,1,1,4294967295
tile01,2816,2304,32,0,32,32,0,1,1,4294967295
tile01,2784,2304,32,0,32,32,0,1,1,4294967295
tile01,2752,2304,32,0,32,32,0,1,1,4294967295
tile01,2720,2304,32,0,32,32,0,1,1,4294967295
tile01,2688,2304,32,0,32,32,0,1,1,4294967295
tile01,2656,2304,32,0,32,32,0,1,1,4294967295
tile01,2624,2304,32,0,32,32,0,1,1,4294967295
tile01,2592,2304,32,0,32,32,0,1,1,4294967295
tile01,2560,2304,32,0,32,32,0,1,1,4294967295
tile01,2528,2304,32,0,32,32,0,1,1,4294967295
tile01,2496,2304,32,0,32,32,0,1,1,4294967295
tile01,2464,2304,32,0,32,32,0,1,1,4294967295
tile01,2432,2304,32,0,32,32,0,1,1,4294967295
tile01,2400,2304,32,0,32,32,0,1,1,4294967295
tile01,2400,2272,32,0,32,32,0,1,1,4294967295
tile01,2432,2272,32,0,32,32,0,1,1,4294967295
tile01,2464,2272,32,0,32,32,0,1,1,4294967295
tile01,2528,2240,32,0,32,32,0,1,1,4294967295
tile01,2560,2272,32,0,32,32,0,1,1,4294967295
tile01,2592,2272,32,0,32,32,0,1,1,4294967295
tile01,2624,2272,32,0,32,32,0,1,1,4294967295
tile01,2656,2272,32,0,32,32,0,1,1,4294967295
tile01,2688,2272,32,0,32,32,0,1,1,4294967295
tile01,2720,2272,32,0,32,32,0,1,1,4294967295
tile01,2752,2272,32,0,32,32,0,1,1,4294967295
tile01,2784,2272,32,0,32,32,0,1,1,4294967295
tile01,2816,2272,32,0,32,32,0,1,1,4294967295
tile01,2848,2272,32,0,32,32,0,1,1,4294967295
tile01,2880,2272,32,0,32,32,0,1,1,4294967295
tile01,2912,2272,32,0,32,32,0,1,1,4294967295
tile01,2944,2272,32,0,32,32,0,1,1,4294967295
tile01,2976,2272,32,0,32,32,0,1,1,4294967295
tile01,3008,2272,32,0,32,32,0,1,1,4294967295
tile01,3040,2272,32,0,32,32,0,1,1,4294967295
tile01,3072,2272,32,0,32,32,0,1,1,4294967295
tile01,3104,2272,32,0,32,32,0,1,1,4294967295
tile01,3136,2272,32,0,32,32,0,1,1,4294967295
tile01,3168,2272,32,0,32,32,0,1,1,4294967295
tile01,3168,2240,32,0,32,32,0,1,1,4294967295
tile01,3136,2240,32,0,32,32,0,1,1,4294967295
tile01,3104,2240,32,0,32,32,0,1,1,4294967295
tile01,3072,2240,32,0,32,32,0,1,1,4294967295
tile01,3040,2240,32,0,32,32,0,1,1,4294967295
tile01,3008,2240,32,0,32,32,0,1,1,4294967295
tile01,2976,2240,32,0,32,32,0,1,1,4294967295
tile01,2944,2240,32,0,32,32,0,1,1,4294967295
tile01,2912,2240,32,0,32,32,0,1,1,4294967295
tile01,2880,2240,32,0,32,32,0,1,1,4294967295
tile01,2848,2240,32,0,32,32,0,1,1,4294967295
tile01,2816,2240,32,0,32,32,0,1,1,4294967295
tile01,2784,2240,32,0,32,32,0,1,1,4294967295
tile01,2752,2240,32,0,32,32,0,1,1,4294967295
tile01,2720,2240,32,0,32,32,0,1,1,4294967295
tile01,2688,2240,32,0,32,32,0,1,1,4294967295
tile01,2656,2240,32,0,32,32,0,1,1,4294967295
tile01,2624,2240,32,0,32,32,0,1,1,4294967295
tile01,2592,2240,32,0,32,32,0,1,1,4294967295
tile01,2560,2240,32,0,32,32,0,1,1,4294967295
tile01,2528,2272,32,0,32,32,0,1,1,4294967295
tile01,2496,2272,32,0,32,32,0,1,1,4294967295
tile01,2496,2240,32,0,32,32,0,1,1,4294967295
tile01,2464,2240,32,0,32,32,0,1,1,4294967295
tile01,2432,2240,32,0,32,32,0,1,1,4294967295
tile01,2400,2240,32,0,32,32,0,1,1,4294967295
tile01,2400,2208,32,0,32,32,0,1,1,4294967295
tile01,2432,2208,32,0,32,32,0,1,1,4294967295
tile01,2464,2208,32,0,32,32,0,1,1,4294967295
tile01,2496,2208,32,0,32,32,0,1,1,4294967295
tile01,2528,2208,32,0,32,32,0,1,1,4294967295
tile01,2560,2208,32,0,32,32,0,1,1,4294967295
tile01,2592,2208,32,0,32,32,0,1,1,4294967295
tile01,2624,2208,32,0,32,32,0,1,1,4294967295
tile01,2656,2208,32,0,32,32,0,1,1,4294967295
tile01,2688,2208,32,0,32,32,0,1,1,4294967295
tile01,2720,2208,32,0,32,32,0,1,1,4294967295
tile01,2752,2208,32,0,32,32,0,1,1,4294967295
tile01,2784,2208,32,0,32,32,0,1,1,4294967295
tile01,2816,2208,32,0,32,32,0,1,1,4294967295
tile01,2848,2208,32,0,32,32,0,1,1,4294967295
tile01,2880,2208,32,0,32,32,0,1,1,4294967295
tile01,2912,2208,32,0,32,32,0,1,1,4294967295
tile01,2944,2208,32,0,32,32,0,1,1,4294967295
tile01,2976,2208,32,0,32,32,0,1,1,4294967295
tile01,3008,2208,32,0,32,32,0,1,1,4294967295
tile01,3040,2208,32,0,32,32,0,1,1,4294967295
tile01,3072,2208,32,0,32,32,0,1,1,4294967295
tile01,3104,2208,32,0,32,32,0,1,1,4294967295
tile01,3136,2208,32,0,32,32,0,1,1,4294967295
tile01,3168,2208,32,0,32,32,0,1,1,4294967295
tile01,3168,2176,32,0,32,32,0,1,1,4294967295
tile01,3136,2176,32,0,32,32,0,1,1,4294967295
tile01,3104,2176,32,0,32,32,0,1,1,4294967295
tile01,3072,2176,32,0,32,32,0,1,1,4294967295
tile01,3040,2176,32,0,32,32,0,1,1,4294967295
tile01,3008,2176,32,0,32,32,0,1,1,4294967295
tile01,2976,2176,32,0,32,32,0,1,1,4294967295
tile01,2944,2176,32,0,32,32,0,1,1,4294967295
tile01,2912,2176,32,0,32,32,0,1,1,4294967295
tile01,2880,2176,32,0,32,32,0,1,1,4294967295
tile01,2848,2176,32,0,32,32,0,1,1,4294967295
tile01,2816,2176,32,0,32,32,0,1,1,4294967295
tile01,2784,2176,32,0,32,32,0,1,1,4294967295
tile01,2752,2176,32,0,32,32,0,1,1,4294967295
tile01,2720,2176,32,0,32,32,0,1,1,4294967295
tile01,2688,2176,32,0,32,32,0,1,1,4294967295
tile01,2656,2176,32,0,32,32,0,1,1,4294967295
tile01,2624,2176,32,0,32,32,0,1,1,4294967295
tile01,2592,2176,32,0,32,32,0,1,1,4294967295
tile01,2560,2176,32,0,32,32,0,1,1,4294967295
tile01,2528,2176,32,0,32,32,0,1,1,4294967295
tile01,2496,2176,32,0,32,32,0,1,1,4294967295
tile01,2464,2176,32,0,32,32,0,1,1,4294967295
tile01,2432,2176,32,0,32,32,0,1,1,4294967295
tile01,2400,2176,32,0,32,32,0,1,1,4294967295
tile01,2400,2144,32,0,32,32,0,1,1,4294967295
tile01,2432,2144,32,0,32,32,0,1,1,4294967295
tile01,2464,2144,32,0,32,32,0,1,1,4294967295
tile01,2496,2144,32,0,32,32,0,1,1,4294967295
tile01,2528,2144,32,0,32,32,0,1,1,4294967295
tile01,2560,2144,32,0,32,32,0,1,1,4294967295
tile01,2592,2144,32,0,32,32,0,1,1,4294967295
tile01,2624,2144,32,0,32,32,0,1,1,4294967295
tile01,2656,2144,32,0,32,32,0,1,1,4294967295
tile01,2688,2144,32,0,32,32,0,1,1,4294967295
tile01,2720,2144,32,0,32,32,0,1,1,4294967295
tile01,2752,2144,32,0,32,32,0,1,1,4294967295
tile01,2784,2144,32,0,32,32,0,1,1,4294967295
tile01,2816,2144,32,0,32,32,0,1,1,4294967295
tile01,2848,2144,32,0,32,32,0,1,1,4294967295
tile01,2880,2144,32,0,32,32,0,1,1,4294967295
tile01,2912,2144,32,0,32,32,0,1,1,4294967295
tile01,2944,2144,32,0,32,32,0,1,1,4294967295
tile01,2976,2144,32,0,32,32,0,1,1,4294967295
tile01,3008,2144,32,0,32,32,0,1,1,4294967295
tile01,3040,2144,32,0,32,32,0,1,1,4294967295
tile01,3072,2144,32,0,32,32,0,1,1,4294967295
tile01,3104,2144,32,0,32,32,0,1,1,4294967295
tile01,3136,2144,32,0,32,32,0,1,1,4294967295
tile01,3168,2144,32,0,32,32,0,1,1,4294967295
tile01,3168,2112,32,0,32,32,0,1,1,4294967295
tile01,3136,2112,32,0,32,32,0,1,1,4294967295
tile01,3104,2112,32,0,32,32,0,1,1,4294967295
tile01,3072,2112,32,0,32,32,0,1,1,4294967295
tile01,3040,2112,32,0,32,32,0,1,1,4294967295
tile01,3008,2112,32,0,32,32,0,1,1,4294967295
tile01,2976,2112,32,0,32,32,0,1,1,4294967295
tile01,2944,2112,32,0,32,32,0,1,1,4294967295
tile01,2912,2112,32,0,32,32,0,1,1,4294967295
tile01,2880,2112,32,0,32,32,0,1,1,4294967295
tile01,2848,2112,32,0,32,32,0,1,1,4294967295
tile01,2816,2112,32,0,32,32,0,1,1,4294967295
tile01,2784,2112,32,0,32,32,0,1,1,4294967295
tile01,2752,2112,32,0,32,32,0,1,1,4294967295
tile01,2720,2112,32,0,32,32,0,1,1,4294967295
tile01,2688,2112,32,0,32,32,0,1,1,4294967295
tile01,2656,2112,32,0,32,32,0,1,1,4294967295
tile01,2624,2112,32,0,32,32,0,1,1,4294967295
tile01,2592,2112,32,0,32,32,0,1,1,4294967295
tile01,2560,2112,32,0,32,32,0,1,1,4294967295
tile01,2528,2112,32,0,32,32,0,1,1,4294967295
tile01,2496,2112,32,0,32,32,0,1,1,4294967295
tile01,2464,2112,32,0,32,32,0,1,1,4294967295
tile01,2432,2112,32,0,32,32,0,1,1,4294967295
tile01,2400,2112,32,0,32,32,0,1,1,4294967295
tile01,2400,2080,32,0,32,32,0,1,1,4294967295
tile01,2432,2080,32,0,32,32,0,1,1,4294967295
tile01,2464,2080,32,0,32,32,0,1,1,4294967295
tile01,2496,2080,32,0,32,32,0,1,1,4294967295
tile01,2528,2080,32,0,32,32,0,1,1,4294967295
tile01,2560,2080,32,0,32,32,0,1,1,4294967295
tile01,2592,2080,32,0,32,32,0,1,1,4294967295
tile01,2624,2080,32,0,32,32,0,1,1,4294967295
tile01,2656,2080,32,0,32,32,0,1,1,4294967295
tile01,2688,2080,32,0,32,32,0,1,1,4294967295
tile01,2720,2080,32,0,32,32,0,1,1,4294967295
tile01,2752,2080,32,0,32,32,0,1,1,4294967295
tile01,2784,2080,32,0,32,32,0,1,1,4294967295
tile01,2816,2080,32,0,32,32,0,1,1,4294967295
tile01,2848,2080,32,0,32,32,0,1,1,4294967295
tile01,2880,2080,32,0,32,32,0,1,1,4294967295
tile01,2912,2080,32,0,32,32,0,1,1,4294967295
tile01,2944,2080,32,0,32,32,0,1,1,4294967295
tile01,2976,2080,32,0,32,32,0,1,1,4294967295
tile01,3008,2080,32,0,32,32,0,1,1,4294967295
tile01,3040,2080,32,0,32,32,0,1,1,4294967295
tile01,3072,2080,32,0,32,32,0,1,1,4294967295
tile01,3104,2080,32,0,32,32,0,1,1,4294967295
tile01,3136,2080,32,0,32,32,0,1,1,4294967295
tile01,3168,2080,32,0,32,32,0,1,1,4294967295
tile01,3168,2048,32,0,32,32,0,1,1,4294967295
tile01,3136,2048,32,0,32,32,0,1,1,4294967295
tile01,3104,2048,32,0,32,32,0,1,1,4294967295
tile01,3072,2048,32,0,32,32,0,1,1,4294967295
tile01,3040,2048,32,0,32,32,0,1,1,4294967295
tile01,3008,2048,32,0,32,32,0,1,1,4294967295
tile01,2976,2048,32,0,32,32,0,1,1,4294967295
tile01,2944,2048,32,0,32,32,0,1,1,4294967295
tile01,2912,2048,32,0,32,32,0,1,1,4294967295
tile01,2880,2048,32,0,32,32,0,1,1,4294967295
tile01,2848,2048,32,0,32,32,0,1,1,4294967295
tile01,2816,2048,32,0,32,32,0,1,1,4294967295
tile01,2752,2048,32,0,32,32,0,1,1,4294967295
tile01,2720,2048,32,0,32,32,0,1,1,4294967295
tile01,2688,2048,32,0,32,32,0,1,1,4294967295
tile01,2656,2048,32,0,32,32,0,1,1,4294967295
tile01,2624,2048,32,0,32,32,0,1,1,4294967295
tile01,2592,2048,32,0,32,32,0,1,1,4294967295
tile01,2560,2048,32,0,32,32,0,1,1,4294967295
tile01,2528,2048,32,0,32,32,0,1,1,4294967295
tile01,2496,2048,32,0,32,32,0,1,1,4294967295
tile01,2464,2048,32,0,32,32,0,1,1,4294967295
tile01,2432,2048,32,0,32,32,0,1,1,4294967295
tile01,2400,2048,32,0,32,32,0,1,1,4294967295
tile01,2400,2016,32,0,32,32,0,1,1,4294967295
tile01,2432,2016,32,0,32,32,0,1,1,4294967295
tile01,2464,2016,32,0,32,32,0,1,1,4294967295
tile01,2496,2016,32,0,32,32,0,1,1,4294967295
tile01,2528,2016,32,0,32,32,0,1,1,4294967295
tile01,2560,2016,32,0,32,32,0,1,1,4294967295
tile01,2592,2016,32,0,32,32,0,1,1,4294967295
tile01,2624,2016,32,0,32,32,0,1,1,4294967295
tile01,2656,2016,32,0,32,32,0,1,1,4294967295
tile01,2688,2016,32,0,32,32,0,1,1,4294967295
tile01,2720,2016,32,0,32,32,0,1,1,4294967295
tile01,2752,2016,32,0,32,32,0,1,1,4294967295
tile01,2784,2016,32,0,32,32,0,1,1,4294967295
tile01,2784,2048,32,0,32,32,0,1,1,4294967295
tile01,2816,2016,32,0,32,32,0,1,1,4294967295
tile01,2848,2016,32,0,32,32,0,1,1,4294967295
tile01,2880,2016,32,0,32,32,0,1,1,4294967295
tile01,2912,2016,32,0,32,32,0,1,1,4294967295
tile01,2944,2016,32,0,32,32,0,1,1,4294967295
tile01,2976,2016,32,0,32,32,0,1,1,4294967295
tile01,3008,2016,32,0,32,32,0,1,1,4294967295
tile01,3040,2016,32,0,32,32,0,1,1,4294967295
tile01,3072,2016,32,0,32,32,0,1,1,4294967295
tile01,3104,2016,32,0,32,32,0,1,1,4294967295
tile01,3136,2016,32,0,32,32,0,1,1,4294967295
tile01,3168,2016,32,0,32,32,0,1,1,4294967295
tile01,3168,1984,32,0,32,32,0,1,1,4294967295
tile01,3136,1984,32,0,32,32,0,1,1,4294967295
tile01,3104,1984,32,0,32,32,0,1,1,4294967295
tile01,3072,1984,32,0,32,32,0,1,1,4294967295
tile01,3040,1984,32,0,32,32,0,1,1,4294967295
tile01,3008,1984,32,0,32,32,0,1,1,4294967295
tile01,2816,1984,32,0,32,32,0,1,1,4294967295
tile01,2784,1984,32,0,32,32,0,1,1,4294967295
tile01,2976,1984,32,0,32,32,0,1,1,4294967295
tile01,2944,1984,32,0,32,32,0,1,1,4294967295
tile01,2912,1984,32,0,32,32,0,1,1,4294967295
tile01,2880,1984,32,0,32,32,0,1,1,4294967295
tile01,2848,1984,32,0,32,32,0,1,1,4294967295
tile01,2752,1984,32,0,32,32,0,1,1,4294967295
tile01,2720,1984,32,0,32,32,0,1,1,4294967295
tile01,2688,1984,32,0,32,32,0,1,1,4294967295
tile01,2656,1984,32,0,32,32,0,1,1,4294967295
tile01,2624,1984,32,0,32,32,0,1,1,4294967295
tile01,2592,1984,32,0,32,32,0,1,1,4294967295
tile01,2560,1984,32,0,32,32,0,1,1,4294967295
tile01,2528,1984,32,0,32,32,0,1,1,4294967295
tile01,2496,1984,32,0,32,32,0,1,1,4294967295
tile01,2464,1984,32,0,32,32,0,1,1,4294967295
tile01,2432,1984,32,0,32,32,0,1,1,4294967295
tile01,2400,1984,32,0,32,32,0,1,1,4294967295
tile01,2400,1952,32,0,32,32,0,1,1,4294967295
tile01,2432,1952,32,0,32,32,0,1,1,4294967295
tile01,2464,1952,32,0,32,32,0,1,1,4294967295
tile01,2496,1952,32,0,32,32,0,1,1,4294967295
tile01,2528,1952,32,0,32,32,0,1,1,4294967295
tile01,2560,1952,32,0,32,32,0,1,1,4294967295
tile01,2592,1952,32,0,32,32,0,1,1,4294967295
tile01,2624,1952,32,0,32,32,0,1,1,4294967295
tile01,2656,1952,32,0,32,32,0,1,1,4294967295
tile01,2688,1952,32,0,32,32,0,1,1,4294967295
tile01,2720,1952,32,0,32,32,0,1,1,4294967295
tile01,2752,1952,32,0,32,32,0,1,1,4294967295
tile01,2784,1952,32,0,32,32,0,1,1,4294967295
tile01,2816,1952,32,0,32,32,0,1,1,4294967295
tile01,2848,1952,32,0,32,32,0,1,1,4294967295
tile01,2880,1952,32,0,32,32,0,1,1,4294967295
tile01,2912,1952,32,0,32,32,0,1,1,4294967295
tile01,2944,1952,32,0,32,32,0,1,1,4294967295
tile01,2976,1952,32,0,32,32,0,1,1,4294967295
tile01,3008,1952,32,0,32,32,0,1,1,4294967295
tile01,3040,1952,32,0,32,32,0,1,1,4294967295
tile01,3072,1952,32,0,32,32,0,1,1,4294967295
tile01,3104,1952,32,0,32,32,0,1,1,4294967295
tile01,3136,1952,32,0,32,32,0,1,1,4294967295
tile01,3168,1952,32,0,32,32,0,1,1,4294967295
tile01,3168,1920,32,0,32,32,0,1,1,4294967295
tile01,3136,1920,32,0,32,32,0,1,1,4294967295
tile01,3104,1920,32,0,32,32,0,1,1,4294967295
tile01,3072,1920,32,0,32,32,0,1,1,4294967295
tile01,3040,1920,32,0,32,32,0,1,1,4294967295
tile01,3008,1920,32,0,32,32,0,1,1,4294967295
tile01,2976,1920,32,0,32,32,0,1,1,4294967295
tile01,2944,1920,32,0,32,32,0,1,1,4294967295
tile01,2912,1920,32,0,32,32,0,1,1,4294967295
tile01,2880,1920,32,0,32,32,0,1,1,4294967295
tile01,2848,1920,32,0,32,32,0,1,1,4294967295
tile01,2816,1920,32,0,32,32,0,1,1,4294967295
tile01,2784,1920,32,0,32,32,0,1,1,4294967295
tile01,2752,1920,32,0,32,32,0,1,1,4294967295
tile01,2720,1920,32,0,32,32,0,1,1,4294967295
tile01,2688,1920,32,0,32,32,0,1,1,4294967295
tile01,2656,1920,32,0,32,32,0,1,1,4294967295
tile01,2624,1920,32,0,32,32,0,1,1,4294967295
tile01,2592,1920,32,0,32,32,0,1,1,4294967295
tile01,2560,1920,32,0,32,32,0,1,1,4294967295
tile01,2528,1920,32,0,32,32,0,1,1,4294967295
tile01,2496,1920,32,0,32,32,0,1,1,4294967295
tile01,2464,1920,32,0,32,32,0,1,1,4294967295
tile01,2432,1920,32,0,32,32,0,1,1,4294967295
tile01,2400,1920,32,0,32,32,0,1,1,4294967295
tile01,2400,1888,32,0,32,32,0,1,1,4294967295
tile01,2432,1888,32,0,32,32,0,1,1,4294967295
tile01,2464,1888,32,0,32,32,0,1,1,4294967295
tile01,2496,1888,32,0,32,32,0,1,1,4294967295
tile01,2528,1888,32,0,32,32,0,1,1,4294967295
tile01,2560,1888,32,0,32,32,0,1,1,4294967295
tile01,2592,1888,32,0,32,32,0,1,1,4294967295
tile01,2624,1888,32,0,32,32,0,1,1,4294967295
tile01,2656,1888,32,0,32,32,0,1,1,4294967295
tile01,2688,1888,32,0,32,32,0,1,1,4294967295
tile01,2720,1888,32,0,32,32,0,1,1,4294967295
tile01,2752,1888,32,0,32,32,0,1,1,4294967295
tile01,2784,1888,32,0,32,32,0,1,1,4294967295
tile01,2816,1888,32,0,32,32,0,1,1,4294967295
tile01,2848,1888,32,0,32,32,0,1,1,4294967295
tile01,2880,1888,32,0,32,32,0,1,1,4294967295
tile01,2912,1888,32,0,32,32,0,1,1,4294967295
tile01,2944,1888,32,0,32,32,0,1,1,4294967295
tile01,2976,1888,32,0,32,32,0,1,1,4294967295
tile01,3008,1888,32,0,32,32,0,1,1,4294967295
tile01,3040,1888,32,0,32,32,0,1,1,4294967295
tile01,3072,1888,32,0,32,32,0,1,1,4294967295
tile01,3104,1888,32,0,32,32,0,1,1,4294967295
tile01,3136,1888,32,0,32,32,0,1,1,4294967295
tile01,3168,1888,32,0,32,32,0,1,1,4294967295
tile01,3168,1856,32,0,32,32,0,1,1,4294967295
tile01,3136,1856,32,0,32,32,0,1,1,4294967295
tile01,3104,1856,32,0,32,32,0,1,1,4294967295
tile01,3072,1856,32,0,32,32,0,1,1,4294967295
tile01,3040,1856,32,0,32,32,0,1,1,4294967295
tile01,3008,1856,32,0,32,32,0,1,1,4294967295
tile01,2976,1856,32,0,32,32,0,1,1,4294967295
tile01,2944,1856,32,0,32,32,0,1,1,4294967295
tile01,2912,1856,32,0,32,32,0,1,1,4294967295
tile01,2880,1856,32,0,32,32,0,1,1,4294967295
tile01,2848,1856,32,0,32,32,0,1,1,4294967295
tile01,2816,1856,32,0,32,32,0,1,1,4294967295
tile01,2784,1856,32,0,32,32,0,1,1,4294967295
tile01,2752,1856,32,0,32,32,0,1,1,4294967295
tile01,2720,1856,32,0,32,32,0,1,1,4294967295
tile01,2688,1856,32,0,32,32,0,1,1,4294967295
tile01,2656,1856,32,0,32,32,0,1,1,4294967295
tile01,2624,1856,32,0,32,32,0,1,1,4294967295
tile01,2592,1856,32,0,32,32,0,1,1,4294967295
tile01,2560,1856,32,0,32,32,0,1,1,4294967295
tile01,2528,1856,32,0,32,32,0,1,1,4294967295
tile01,2496,1856,32,0,32,32,0,1,1,4294967295
tile01,2464,1856,32,0,32,32,0,1,1,4294967295
tile01,2432,1856,32,0,32,32,0,1,1,4294967295
tile01,2400,1856,32,0,32,32,0,1,1,4294967295
tile01,2400,1824,32,0,32,32,0,1,1,4294967295
tile01,2432,1824,32,0,32,32,0,1,1,4294967295
tile01,2464,1824,32,0,32,32,0,1,1,4294967295
tile01,2496,1824,32,0,32,32,0,1,1,4294967295
tile01,2528,1824,32,0,32,32,0,1,1,4294967295
tile01,2560,1824,32,0,32,32,0,1,1,4294967295
tile01,2592,1824,32,0,32,32,0,1,1,4294967295
tile01,2624,1824,32,0,32,32,0,1,1,4294967295
tile01,2656,1824,32,0,32,32,0,1,1,4294967295
tile01,2688,1824,32,0,32,32,0,1,1,4294967295
tile01,2720,1824,32,0,32,32,0,1,1,4294967295
tile01,2752,1824,32,0,32,32,0,1,1,4294967295
tile01,2784,1824,32,0,32,32,0,1,1,4294967295
tile01,2816,1824,32,0,32,32,0,1,1,4294967295
tile01,2848,1824,32,0,32,32,0,1,1,4294967295
tile01,2880,1824,32,0,32,32,0,1,1,4294967295
tile01,2912,1824,32,0,32,32,0,1,1,4294967295
tile01,2944,1824,32,0,32,32,0,1,1,4294967295
tile01,2976,1824,32,0,32,32,0,1,1,4294967295
tile01,3008,1824,32,0,32,32,0,1,1,4294967295
tile01,3040,1824,32,0,32,32,0,1,1,4294967295
tile01,3072,1824,32,0,32,32,0,1,1,4294967295
tile01,3104,1824,32,0,32,32,0,1,1,4294967295
tile01,3136,1824,32,0,32,32,0,1,1,4294967295
tile01,3168,1824,32,0,32,32,0,1,1,4294967295
tile01,3168,1792,32,0,32,32,0,1,1,4294967295
tile01,3136,1792,32,0,32,32,0,1,1,4294967295
tile01,3104,1792,32,0,32,32,0,1,1,4294967295
tile01,3072,1792,32,0,32,32,0,1,1,4294967295
tile01,3040,1792,32,0,32,32,0,1,1,4294967295
tile01,3008,1792,32,0,32,32,0,1,1,4294967295
tile01,2976,1792,32,0,32,32,0,1,1,4294967295
tile01,2944,1792,32,0,32,32,0,1,1,4294967295
tile01,2912,1792,32,0,32,32,0,1,1,4294967295
tile01,2880,1792,32,0,32,32,0,1,1,4294967295
tile01,2848,1792,32,0,32,32,0,1,1,4294967295
tile01,2816,1792,32,0,32,32,0,1,1,4294967295
tile01,2784,1792,32,0,32,32,0,1,1,4294967295
tile01,2752,1792,32,0,32,32,0,1,1,4294967295
tile01,2720,1792,32,0,32,32,0,1,1,4294967295
tile01,2688,1792,32,0,32,32,0,1,1,4294967295
tile01,2656,1792,32,0,32,32,0,1,1,4294967295
tile01,2624,1792,32,0,32,32,0,1,1,4294967295
tile01,2592,1792,32,0,32,32,0,1,1,4294967295
tile01,2560,1792,32,0,32,32,0,1,1,4294967295
tile01,2528,1792,32,0,32,32,0,1,1,4294967295
tile01,2496,1792,32,0,32,32,0,1,1,4294967295
tile01,2464,1792,32,0,32,32,0,1,1,4294967295
tile01,2432,1792,32,0,32,32,0,1,1,4294967295
tile01,2400,1792,32,0,32,32,0,1,1,4294967295
tile01,2400,1760,32,0,32,32,0,1,1,4294967295
tile01,2432,1760,32,0,32,32,0,1,1,4294967295
tile01,2464,1760,32,0,32,32,0,1,1,4294967295
tile01,2496,1760,32,0,32,32,0,1,1,4294967295
tile01,2528,1760,32,0,32,32,0,1,1,4294967295
tile01,2560,1760,32,0,32,32,0,1,1,4294967295
tile01,2592,1760,32,0,32,32,0,1,1,4294967295
tile01,2624,1760,32,0,32,32,0,1,1,4294967295
tile01,2656,1760,32,0,32,32,0,1,1,4294967295
tile01,2688,1760,32,0,32,32,0,1,1,4294967295
tile01,2720,1760,32,0,32,32,0,1,1,4294967295
tile01,2752,1760,32,0,32,32,0,1,1,4294967295
tile01,2784,1760,32,0,32,32,0,1,1,4294967295
tile01,2816,1760,32,0,32,32,0,1,1,4294967295
tile01,2848,1760,32,0,32,32,0,1,1,4294967295
tile01,2880,1760,32,0,32,32,0,1,1,4294967295
tile01,2912,1760,32,0,32,32,0,1,1,4294967295
tile01,2944,1760,32,0,32,32,0,1,1,4294967295
tile01,2976,1760,32,0,32,32,0,1,1,4294967295
tile01,3008,1760,32,0,32,32,0,1,1,4294967295
tile01,3040,1760,32,0,32,32,0,1,1,4294967295
tile01,3072,1760,32,0,32,32,0,1,1,4294967295
tile01,3104,1760,32,0,32,32,0,1,1,4294967295
tile01,3136,1760,32,0,32,32,0,1,1,4294967295
tile01,3168,1760,32,0,32,32,0,1,1,4294967295
tile01,3168,1728,32,0,32,32,0,1,1,4294967295
tile01,3136,1728,32,0,32,32,0,1,1,4294967295
tile01,3104,1728,32,0,32,32,0,1,1,4294967295
tile01,3072,1728,32,0,32,32,0,1,1,4294967295
tile01,3040,1728,32,0,32,32,0,1,1,4294967295
tile01,3008,1728,32,0,32,32,0,1,1,4294967295
tile01,2976,1728,32,0,32,32,0,1,1,4294967295
tile01,2944,1728,32,0,32,32,0,1,1,4294967295
tile01,2912,1728,32,0,32,32,0,1,1,4294967295
tile01,2880,1728,32,0,32,32,0,1,1,4294967295
tile01,2848,1728,32,0,32,32,0,1,1,4294967295
tile01,2816,1728,32,0,32,32,0,1,1,4294967295
tile01,2784,1728,32,0,32,32,0,1,1,4294967295
tile01,2752,1728,32,0,32,32,0,1,1,4294967295
tile01,2720,1728,32,0,32,32,0,1,1,4294967295
tile01,2688,1728,32,0,32,32,0,1,1,4294967295
tile01,2656,1728,32,0,32,32,0,1,1,4294967295
tile01,2624,1728,32,0,32,32,0,1,1,4294967295
tile01,2592,1728,32,0,32,32,0,1,1,4294967295
tile01,2560,1728,32,0,32,32,0,1,1,4294967295
tile01,2528,1728,32,0,32,32,0,1,1,4294967295
tile01,2496,1728,32,0,32,32,0,1,1,4294967295
tile01,2464,1728,32,0,32,32,0,1,1,4294967295
tile01,2432,1728,32,0,32,32,0,1,1,4294967295
tile01,2400,1728,32,0,32,32,0,1,1,4294967295
tile01,2400,1696,32,0,32,32,0,1,1,4294967295
tile01,2432,1696,32,0,32,32,0,1,1,4294967295
tile01,2464,1696,32,0,32,32,0,1,1,4294967295
tile01,2496,1696,32,0,32,32,0,1,1,4294967295
tile01,2528,1696,32,0,32,32,0,1,1,4294967295
tile01,2560,1696,32,0,32,32,0,1,1,4294967295
tile01,2592,1696,32,0,32,32,0,1,1,4294967295
tile01,2624,1696,32,0,32,32,0,1,1,4294967295
tile01,2656,1696,32,0,32,32,0,1,1,4294967295
tile01,2688,1696,32,0,32,32,0,1,1,4294967295
tile01,2720,1696,32,0,32,32,0,1,1,4294967295
tile01,2752,1696,32,0,32,32,0,1,1,4294967295
tile01,2784,1696,32,0,32,32,0,1,1,4294967295
tile01,2816,1696,32,0,32,32,0,1,1,4294967295
tile01,2848,1696,32,0,32,32,0,1,1,4294967295
tile01,2880,1696,32,0,32,32,0,1,1,4294967295
tile01,2912,1696,32,0,32,32,0,1,1,4294967295
tile01,2944,1696,32,0,32,32,0,1,1,4294967295
tile01,2976,1696,32,0,32,32,0,1,1,4294967295
tile01,3008,1696,32,0,32,32,0,1,1,4294967295
tile01,3040,1696,32,0,32,32,0,1,1,4294967295
tile01,3072,1696,32,0,32,32,0,1,1,4294967295
tile01,3104,1696,32,0,32,32,0,1,1,4294967295
tile01,3136,1696,32,0,32,32,0,1,1,4294967295
tile01,3168,1696,32,0,32,32,0,1,1,4294967295
tile01,3168,1664,32,0,32,32,0,1,1,4294967295
tile01,3136,1664,32,0,32,32,0,1,1,4294967295
tile01,3104,1664,32,0,32,32,0,1,1,4294967295
tile01,3072,1664,32,0,32,32,0,1,1,4294967295
tile01,3040,1664,32,0,32,32,0,1,1,4294967295
tile01,3008,1664,32,0,32,32,0,1,1,4294967295
tile01,2976,1664,32,0,32,32,0,1,1,4294967295
tile01,2944,1664,32,0,32,32,0,1,1,4294967295
tile01,2912,1664,32,0,32,32,0,1,1,4294967295
tile01,2880,1664,32,0,32,32,0,1,1,4294967295
tile01,2848,1664,32,0,32,32,0,1,1,4294967295
tile01,2816,1664,32,0,32,32,0,1,1,4294967295
tile01,2784,1664,32,0,32,32,0,1,1,4294967295
tile01,2752,1664,32,0,32,32,0,1,1,4294967295
tile01,2720,1664,32,0,32,32,0,1,1,4294967295
tile01,2688,1664,32,0,32,32,0,1,1,4294967295
tile01,2656,1664,32,0,32,32,0,1,1,4294967295
tile01,2624,1664,32,0,32,32,0,1,1,4294967295
tile01,2592,1664,32,0,32,32,0,1,1,4294967295
tile01,2560,1664,32,0,32,32,0,1,1,4294967295
tile01,2528,1664,32,0,32,32,0,1,1,4294967295
tile01,2496,1664,32,0,32,32,0,1,1,4294967295
tile01,2464,1664,32,0,32,32,0,1,1,4294967295
tile01,2432,1664,32,0,32,32,0,1,1,4294967295
tile01,2400,1664,32,0,32,32,0,1,1,4294967295
tile01,2400,1632,32,0,32,32,0,1,1,4294967295
tile01,2432,1632,32,0,32,32,0,1,1,4294967295
tile01,2464,1632,32,0,32,32,0,1,1,4294967295
tile01,2496,1632,32,0,32,32,0,1,1,4294967295
tile01,2528,1632,32,0,32,32,0,1,1,4294967295
tile01,2496,1600,32,0,32,32,0,1,1,4294967295
tile01,2528,1600,32,0,32,32,0,1,1,4294967295
tile01,2560,1600,32,0,32,32,0,1,1,4294967295
tile01,2560,1632,32,0,32,32,0,1,1,4294967295
tile01,2592,1632,32,0,32,32,0,1,1,4294967295
tile01,2592,1600,32,0,32,32,0,1,1,4294967295
tile01,2624,1600,32,0,32,32,0,1,1,4294967295
tile01,2624,1568,32,0,32,32,0,1,1,4294967295
tile01,2656,1568,32,0,32,32,0,1,1,4294967295
tile01,2656,1600,32,0,32,32,0,1,1,4294967295
tile01,2624,1632,32,0,32,32,0,1,1,4294967295
tile01,2656,1632,32,0,32,32,0,1,1,4294967295
tile01,2688,1536,32,0,32,32,0,1,1,4294967295
tile01,2720,1536,32,0,32,32,0,1,1,4294967295
tile01,2752,1536,32,0,32,32,0,1,1,4294967295
tile01,2752,1568,32,0,32,32,0,1,1,4294967295
tile01,2720,1568,32,0,32,32,0,1,1,4294967295
tile01,2720,1600,32,0,32,32,0,1,1,4294967295
tile01,2688,1568,32,0,32,32,0,1,1,4294967295
tile01,2688,1600,32,0,32,32,0,1,1,4294967295
tile01,2688,1632,32,0,32,32,0,1,1,4294967295
tile01,2720,1632,32,0,32,32,0,1,1,4294967295
tile01,2752,1632,32,0,32,32,0,1,1,4294967295
tile01,2752,1600,32,0,32,32,0,1,1,4294967295
tile01,2784,1632,32,0,32,32,0,1,1,4294967295
tile01,2816,1632,32,0,32,32,0,1,1,4294967295
tile01,2848,1632,32,0,32,32,0,1,1,4294967295
tile01,2880,1632,32,0,32,32,0,1,1,4294967295
tile01,2944,1632,32,0,32,32,0,1,1,4294967295
tile01,3008,1632,32,0,32,32,0,1,1,4294967295
tile01,3072,1632,32,0,32,32,0,1,1,4294967295
tile01,3104,1632,32,0,32,32,0,1,1,4294967295
tile01,3136,1632,32,0,32,32,0,1,1,4294967295
tile01,3168,1632,32,0,32,32,0,1,1,4294967295
tile01,3168,1600,32,0,32,32,0,1,1,4294967295
tile01,3168,1568,32,0,32,32,0,1,1,4294967295
tile01,3168,1536,32,0,32,32,0,1,1,4294967295
tile01,3168,1504,32,0,32,32,0,1,1,4294967295
tile01,3136,1504,32,0,32,32,0,1,1,4294967295
tile01,3104,1504,32,0,32,32,0,1,1,4294967295
tile01,3072,1504,32,0,32,32,0,1,1,4294967295
tile01,3040,1504,32,0,32,32,0,1,1,4294967295
tile01,3008,1504,32,0,32,32,0,1,1,4294967295
tile01,2976,1504,32,0,32,32,0,1,1,4294967295
tile01,2944,1504,32,0,32,32,0,1,1,4294967295
tile01,2912,1504,32,0,32,32,0,1,1,4294967295
tile01,2880,1504,32,0,32,32,0,1,1,4294967295
tile01,2848,1504,32,0,32,32,0,1,1,4294967295
tile01,2816,1504,32,0,32,32,0,1,1,4294967295
tile01,2784,1504,32,0,32,32,0,1,1,4294967295
tile01,2784,1536,32,0,32,32,0,1,1,4294967295
tile01,2784,1568,32,0,32,32,0,1,1,4294967295
tile01,2784,1600,32,0,32,32,0,1,1,4294967295
tile01,2816,1600,32,0,32,32,0,1,1,4294967295
tile01,2848,1600,32,0,32,32,0,1,1,4294967295
tile01,2912,1632,32,0,32,32,0,1,1,4294967295
tile01,2976,1632,32,0,32,32,0,1,1,4294967295
tile01,3040,1632,32,0,32,32,0,1,1,4294967295
tile01,3136,1600,32,0,32,32,0,1,1,4294967295
tile01,3104,1600,32,0,32,32,0,1,1,4294967295
tile01,3008,1600,32,0,32,32,0,1,1,4294967295
tile01,2976,1600,32,0,32,32,0,1,1,4294967295
tile01,2944,1600,32,0,32,32,0,1,1,4294967295
tile01,2912,1600,32,0,32,32,0,1,1,4294967295
tile01,2880,1600,32,0,32,32,0,1,1,4294967295
tile01,2816,1568,32,0,32,32,0,1,1,4294967295
tile01,2848,1568,32,0,32,32,0,1,1,4294967295
tile01,2944,1568,32,0,32,32,0,1,1,4294967295
tile01,3008,1568,32,0,32,32,0,1,1,4294967295
tile01,3040,1600,32,0,32,32,0,1,1,4294967295
tile01,3072,1600,32,0,32,32,0,1,1,4294967295
tile01,3104,1568,32,0,32,32,0,1,1,4294967295
tile01,3136,1568,32,0,32,32,0,1,1,4294967295
tile01,3136,1536,32,0,32,32,0,1,1,4294967295
tile01,3104,1536,32,0,32,32,0,1,1,4294967295
tile01,3072,1536,32,0,32,32,0,1,1,4294967295
tile01,3040,1536,32,0,32,32,0,1,1,4294967295
tile01,3008,1536,32,0,32,32,0,1,1,4294967295
tile01,2976,1536,32,0,32,32,0,1,1,4294967295
tile01,2944,1536,32,0,32,32,0,1,1,4294967295
tile01,2912,1536,32,0,32,32,0,1,1,4294967295
tile01,2880,1536,32,0,32,32,0,1,1,4294967295
tile01,2816,1536,32,0,32,32,0,1,1,4294967295
tile01,2848,1536,32,0,32,32,0,1,1,4294967295
tile01,2880,1568,32,0,32,32,0,1,1,4294967295
tile01,2912,1568,32,0,32,32,0,1,1,4294967295
tile01,2976,1568,32,0,32,32,0,1,1,4294967295
tile01,3040,1568,32,0,32,32,0,1,1,4294967295
tile01,3072,1568,32,0,32,32,0,1,1,4294967295
tile01,3168,1344,32,0,32,32,0,1,1,4294967295
tile01,3136,1344,32,0,32,32,0,1,1,4294967295
tile01,3104,1344,32,0,32,32,0,1,1,4294967295
tile01,3072,1344,32,0,32,32,0,1,1,4294967295
tile01,3040,1344,32,0,32,32,0,1,1,4294967295
tile01,3008,1344,32,0,32,32,0,1,1,4294967295
tile01,2976,1344,32,0,32,32,0,1,1,4294967295
tile01,2944,1376,32,0,32,32,0,1,1,4294967295
tile01,2976,1376,32,0,32,32,0,1,1,4294967295
tile01,3072,1376,32,0,32,32,0,1,1,4294967295
tile01,3104,1376,32,0,32,32,0,1,1,4294967295
tile01,3136,1376,32,0,32,32,0,1,1,4294967295
tile01,3168,1376,32,0,32,32,0,1,1,4294967295
tile01,3168,1408,32,0,32,32,0,1,1,4294967295
tile01,3168,1440,32,0,32,32,0,1,1,4294967295
tile01,3168,1472,32,0,32,32,0,1,1,4294967295
tile01,3136,1472,32,0,32,32,0,1,1,4294967295
tile01,3104,1472,32,0,32,32,0,1,1,4294967295
tile01,3072,1472,32,0,32,32,0,1,1,4294967295
tile01,3040,1472,32,0,32,32,0,1,1,4294967295
tile01,3008,1472,32,0,32,32,0,1,1,4294967295
tile01,2976,1472,32,0,32,32,0,1,1,4294967295
tile01,2944,1472,32,0,32,32,0,1,1,4294967295
tile01,2912,1472,32,0,32,32,0,1,1,4294967295
tile01,2784,1472,32,0,32,32,0,1,1,4294967295
tile01,2816,1472,32,0,32,32,0,1,1,4294967295
tile01,2848,1472,32,0,32,32,0,1,1,4294967295
tile01,2880,1472,32,0,32,32,0,1,1,4294967295
tile01,2848,1440,32,0,32,32,0,1,1,4294967295
tile01,2880,1440,32,0,32,32,0,1,1,4294967295
tile01,2912,1440,32,0,32,32,0,1,1,4294967295
tile01,2944,1440,32,0,32,32,0,1,1,4294967295
tile01,2976,1440,32,0,32,32,0,1,1,4294967295
tile01,3008,1440,32,0,32,32,0,1,1,4294967295
tile01,3040,1440,32,0,32,32,0,1,1,4294967295
tile01,3072,1440,32,0,32,32,0,1,1,4294967295
tile01,3104,1440,32,0,32,32,0,1,1,4294967295
tile01,3136,1440,32,0,32,32,0,1,1,4294967295
tile01,3136,1408,32,0,32,32,0,1,1,4294967295
tile01,3104,1408,32,0,32,32,0,1,1,4294967295
tile01,3072,1408,32,0,32,32,0,1,1,4294967295
tile01,3040,1408,32,0,32,32,0,1,1,4294967295
tile01,3040,1376,32,0,32,32,0,1,1,4294967295
tile01,3008,1376,32,0,32,32,0,1,1,4294967295
tile01,3008,1408,32,0,32,32,0,1,1,4294967295
tile01,2976,1408,32,0,32,32,0,1,1,4294967295
tile01,2944,1408,32,0,32,32,0,1,1,4294967295
tile01,2912,1408,32,0,32,32,0,1,1,4294967295
