tTriggerFieldSq,296,1983,001A22D0,0,1,1,4294967295,0,0
tTriggerFieldSq,365,2003,00181359,0,1,1,4294967295,0,0
tTriggerFieldSq,409,2087,003D1590,0,1,1,4294967295,0,0
tTriggerFieldSq,482,2158,0038770E,0,1,1,4294967295,0,0
tTriggerFieldSq,279,1906,00377CD1,0,1,1,4294967295,0,0
tTriggerFieldSq,190,1906,000F92B1,0,1,1,4294967295,0,0
tTriggerFieldSq,90,1896,00159A17,0,1,1,4294967295,0,0
tTriggerFieldSq,173,1876,002AA085,0,1,1,4294967295,0,0
tTriggerFieldSq,501,2057,000AB5E7,0,1,1,4294967295,0,0
tTriggerFieldSq,438,2010,000A5CBD,0,1,1,4294967295,0,0
tTriggerFieldSq,2878,1357,001D3D91,0,1,1,4294967295,0,0
tTriggerFieldSq,2802,1389,001D027E,0,1,1,4294967295,0,0
tTriggerFieldSq,2817,1303,003CA731,0,1,1,4294967295,0,0
tTriggerFieldSq,2830,1218,0023DC1B,0,1,1,4294967295,0,0
tTriggerFieldSq,2809,1102,0029F958,0,1,1,4294967295,0,0
trigger,576,2144,0032E96A,0,1,1,4294967295,0,0
trigger,576,2176,00322903,0,1,1,4294967295,0,0
trigger,576,2208,001457A9,0,1,1,4294967295,0,0
trigger,576,2240,0037A713,0,1,1,4294967295,0,0
trigger,576,2240,002C00EE,0,1,1,4294967295,0,0
trigger,576,2240,000221D8,0,1,1,4294967295,0,0
trigger,576,2240,00316B8B,0,1,1,4294967295,0,0
trigger,576,2240,00106600,0,1,1,4294967295,0,0
trigger,576,2240,000CF2F0,0,1,1,4294967295,0,0
trigger,576,2240,00087BB0,0,1,1,4294967295,0,0
trigger,544,2240,0009A6BA,0,1,1,4294967295,0,0
Ladder,555,2122,000B46A2,0,1,1,4294967295,0,1
Ladder,587,2131,0030ADDD,0,1,1,4294967295,0,1
Ladder,587,2104,00072A67,0,1,1,4294967295,0,1
trigger,576,2112,000C5EAA,0,1,1,4294967295,0,0
trigger,576,2080,003541E6,0,1,1,4294967295,0,0
trigger,2848,1344,0034B430,0,1,1,4294967295,0,0
trigger,2848,1312,0016C70B,0,1,1,4294967295,0,0
trigger,2848,1280,0031FAFD,0,1,1,4294967295,0,0
trigger,2848,1248,000DE513,0,1,1,4294967295,0,0
trigger,2848,1216,00071C93,0,1,1,4294967295,0,0
trigger,2848,1184,00322D0E,0,1,1,4294967295,0,0
trigger,2848,1152,0034CFEC,0,1,1,4294967295,0,0
trigger,2848,1120,00100EC7,0,1,1,4294967295,0,0
trigger,2848,1088,0025FB94,0,1,1,4294967295,0,0
spikeUp,192,2144,003E31E5,0,1,1,4294967295,0,0
spikeUp,224,2144,00343F31,0,1,1,4294967295,0,0
spikeUp,256,2144,00082B25,0,1,1,4294967295,0,0
spikeUp,288,2144,00323F71,0,1,1,4294967295,0,0
spikeUp,320,2272,003C1C49,0,1,1,4294967295,0,0
spikeUp,128,2272,002B59D6,0,1,1,4294967295,0,0
spikeUp,512,2240,001579BD,0,1,1,4294967295,0,0
spikeUp,480,2208,000DB20B,0,1,1,4294967295,0,0
spikeUp,448,2176,00254AB5,0,1,1,4294967295,0,0
spikeUp,416,2144,00383AC9,0,1,1,4294967295,0,0
spikeDown,448,2080,0038C638,0,1,1,4294967295,0,0
spikeDown,512,2080,000338CB,0,1,1,4294967295,0,0
spikeDown,480,2080,003FF0E3,0,1,1,4294967295,0,0
spikeDown,416,2048,003D7869,0,1,1,4294967295,0,0
spikeDown,384,2048,00297F80,0,1,1,4294967295,0,0
spikeDown,0,2048,000C67BC,0,1,1,4294967295,0,0
spikeUp,0,2112,0009D192,0,1,1,4294967295,0,0
spikeUp,32,2272,003A31B5,0,1,1,4294967295,0,0
spikeUp,576,2240,00390C44,0,1,1,4294967295,0,0
spikeDown,160,2080,001984D6,0,1,1,4294967295,0,0
spikeDown,352,2048,002CEBE8,0,1,1,4294967295,0,0
spikeRight,192,2048,00023933,0,1,1,4294967295,0,0
blockInvis,608,2176,0017D2B5,0,1,1,4294967295,0,0
blockInvis,640,2176,000D868B,0,1,1,4294967295,0,0
blockInvis,672,2176,0034FC59,0,1,1,4294967295,0,0
blockInvis,672,2144,00134DBC,0,1,1,4294967295,0,0
blockInvis,704,2144,00282985,0,1,1,4294967295,0,0
blockInvis,736,2144,0031E7EF,0,1,1,4294967295,0,0
blockInvis,768,2144,001DD7F0,0,1,1,4294967295,0,0
blockInvis,768,2112,000E81DB,0,1,1,4294967295,0,0
blockInvis,800,2112,001046A9,0,1,1,4294967295,0,0
blockInvis,800,2080,00332A59,0,1,1,4294967295,0,0
blockInvis,832,2080,001353CD,0,1,1,4294967295,0,0
blockInvis,832,2048,0036D180,0,1,1,4294967295,0,0
blockInvis,832,2016,00185CCD,0,1,1,4294967295,0,0
blockInvis,544,2048,000CCF89,0,1,1,4294967295,0,0
blockInvis,576,2048,00139BB5,0,1,1,4294967295,0,0
blockInvis,608,2048,00195D9B,0,1,1,4294967295,0,0
blockInvis,640,2048,00261FD2,0,1,1,4294967295,0,0
blockInvis,640,2016,0014A946,0,1,1,4294967295,0,0
blockInvis,672,2016,0033CD94,0,1,1,4294967295,0,0
blockInvis,704,2016,0020B8E0,0,1,1,4294967295,0,0
blockInvis,736,2016,0000C7AE,0,1,1,4294967295,0,0
blockInvis,736,1984,002881CD,0,1,1,4294967295,0,0
blockInvis,736,1952,00143CA6,0,1,1,4294967295,0,0
blockInvis,768,1952,0017998E,0,1,1,4294967295,0,0
blockInvis,768,1920,0013B073,0,1,1,4294967295,0,0
blockInvis,800,1920,00136FCF,0,1,1,4294967295,0,0
blockInvis,800,1888,00264BDD,0,1,1,4294967295,0,0
blockInvis,864,2016,003C3782,0,1,1,4294967295,0,0
blockInvis,896,2016,0033D28A,0,1,1,4294967295,0,0
blockInvis,1024,2016,000C96CD,0,1,1,4294967295,0,0
blockInvis,1056,2016,002DC220,0,1,1,4294967295,0,0
blockInvis,1088,2016,0009ED18,0,1,1,4294967295,0,0
blockInvis,1120,2016,0003187D,0,1,1,4294967295,0,0
blockInvis,992,1888,0000DECE,0,1,1,4294967295,0,0
blockInvis,1024,1888,000230F5,0,1,1,4294967295,0,0
blockInvis,1056,1888,003A3E51,0,1,1,4294967295,0,0
blockInvis,1056,1920,00179F3E,0,1,1,4294967295,0,0
blockInvis,1088,1920,002D73AF,0,1,1,4294967295,0,0
blockInvis,1088,1952,001CB19A,0,1,1,4294967295,0,0
blockInvis,1120,1952,003FA442,0,1,1,4294967295,0,0
blockInvis,832,1888,0019A382,0,1,1,4294967295,0,0
blockInvis,864,1888,001AC50A,0,1,1,4294967295,0,0
blockInvis,896,1888,000EDDAE,0,1,1,4294967295,0,0
blockInvis,928,1888,001F081F,0,1,1,4294967295,0,0
blockInvis,960,1888,00262446,0,1,1,4294967295,0,0
blockInvis,608,2208,001FA8FA,0,1,1,4294967295,0,0
blockInvis,608,2240,0017D1E2,0,1,1,4294967295,0,0
blockInvis,608,2272,000B8E7C,0,1,1,4294967295,0,0
savePointHard,32,2176,00072B15,0,1,1,4294967295,0,0
blockInvis,1184,2016,0019B1AD,0,1,1,4294967295,0,0
blockInvis,1184,1984,000FC8BC,0,1,1,4294967295,0,0
blockInvis,1184,1952,00023258,0,1,1,4294967295,0,0
blockInvis,1120,1920,002D1908,0,1,1,4294967295,0,0
blockInvis,1120,1888,00230B36,0,1,1,4294967295,0,0
blockInvis,1120,1856,003E6892,0,1,1,4294967295,0,0
blockInvis,1120,1824,0031134C,0,1,1,4294967295,0,0
blockInvis,1152,1824,001B2BD4,0,1,1,4294967295,0,0
blockInvis,1184,1824,001552F9,0,1,1,4294967295,0,0
blockInvis,1216,1824,00366C86,0,1,1,4294967295,0,0
blockInvis,1248,1824,00031004,0,1,1,4294967295,0,0
blockInvis,1216,1952,0014B373,0,1,1,4294967295,0,0
blockInvis,1248,1952,003F1512,0,1,1,4294967295,0,0
blockInvis,1280,1984,002A9FCE,0,1,1,4294967295,0,0
blockInvis,1312,1984,003F9FBD,0,1,1,4294967295,0,0
blockInvis,1312,2016,001B59B5,0,1,1,4294967295,0,0
blockInvis,1344,2016,003B84EB,0,1,1,4294967295,0,0
blockInvis,1344,1984,00361FC6,0,1,1,4294967295,0,0
blockInvis,1376,1984,0030EF4C,0,1,1,4294967295,0,0
blockInvis,1376,1952,0029DAC2,0,1,1,4294967295,0,0
blockInvis,1408,1920,00343704,0,1,1,4294967295,0,0
blockInvis,1440,1856,0029C282,0,1,1,4294967295,0,0
blockInvis,1472,1792,0026C919,0,1,1,4294967295,0,0
blockInvis,1472,1760,00207649,0,1,1,4294967295,0,0
blockInvis,1504,1760,001AE6E9,0,1,1,4294967295,0,0
blockInvis,1504,1728,003E0C4B,0,1,1,4294967295,0,0
blockInvis,1248,1792,002709E6,0,1,1,4294967295,0,0
blockInvis,1280,1760,002AF849,0,1,1,4294967295,0,0
blockInvis,1312,1728,0001CCAD,0,1,1,4294967295,0,0
blockInvis,1344,1696,0015D409,0,1,1,4294967295,0,0
blockInvis,1376,1696,003CB408,0,1,1,4294967295,0,0
blockInvis,1376,1664,0035C51A,0,1,1,4294967295,0,0
blockInvis,1408,1664,0003C558,0,1,1,4294967295,0,0
blockInvis,1440,1664,00151097,0,1,1,4294967295,0,0
blockInvis,1440,1632,001E1629,0,1,1,4294967295,0,0
blockInvis,1472,1632,001AC286,0,1,1,4294967295,0,0
blockInvis,1504,1632,003FE0F3,0,1,1,4294967295,0,0
blockInvis,1504,1600,001545FA,0,1,1,4294967295,0,0
blockInvis,1536,1600,00374F8A,0,1,1,4294967295,0,0
blockInvis,1184,1920,003CCC22,0,1,1,4294967295,0,0
blockInvis,1216,1920,003A9469,0,1,1,4294967295,0,0
spikeUp,928,2016,001BBF97,0,1,1,4294967295,0,0
spikeUp,960,2016,002FD4E5,0,1,1,4294967295,0,0
spikeUp,992,2016,0015EDF3,0,1,1,4294967295,0,0
spikeUp,1152,2016,000A3BAC,0,1,1,4294967295,0,0
spikeDown,367,1933,003D6FDA,0,1,1,4294967295,0,1
spikeDown,350,1927,001BBFF1,0,1,1,4294967295,0,1
spikeDown,338,1927,0015607A,0,1,1,4294967295,0,1
spikeDown,301,1927,003E8148,0,1,1,4294967295,0,1
spikeDown,259,1934,0030037F,0,1,1,4294967295,0,1
spikeDown,282,1932,000F212A,0,1,1,4294967295,0,1
spikeDown,236,1940,002CE256,0,1,1,4294967295,0,1
spikeDown,216,1951,00051F5E,0,1,1,4294967295,0,1
spikeDown,182,1930,0018E770,0,1,1,4294967295,0,1
spikeDown,156,1922,00209DBA,0,1,1,4294967295,0,1
spikeDown,126,1918,0009FF2B,0,1,1,4294967295,0,1
spikeDown,109,1924,00265738,0,1,1,4294967295,0,1
deliciousFruit,586,2107,0036971C,0,1,1,4294967295,0,1
deliciousFruit,572,2120,0035A0B9,0,1,1,4294967295,0,1
deliciousFruit,577,2097,00012CD0,0,1,1,4294967295,0,1
deliciousFruit,601,2099,00303C0A,0,1,1,4294967295,0,1
deliciousFruit,596,2115,0013F738,0,1,1,4294967295,0,1
deliciousFruit,590,2112,00039787,0,1,1,4294967295,0,1
deliciousFruit,588,2141,003F0BC3,0,1,1,4294967295,0,1
deliciousFruit,1558,1586,000F3D95,0,1,1,4294967295,0,0
deliciousFruit,1563,1573,0007D06C,0,1,1,4294967295,0,0
deliciousFruit,1568,1559,00020ACD,0,1,1,4294967295,0,0
deliciousFruit,1572,1546,0028EC46,0,1,1,4294967295,0,0
deliciousFruit,1575,1532,00103D7B,0,1,1,4294967295,0,0
deliciousFruit,1579,1518,0009E0F1,0,1,1,4294967295,0,0
deliciousFruit,1582,1505,0014FC7F,0,1,1,4294967295,0,0
deliciousFruit,1588,1492,0026135D,0,1,1,4294967295,0,0
deliciousFruit,1594,1478,00201B9B,0,1,1,4294967295,0,0
deliciousFruit,1602,1465,000122DE,0,1,1,4294967295,0,0
deliciousFruit,1613,1454,000F2417,0,1,1,4294967295,0,0
deliciousFruit,1624,1445,00125698,0,1,1,4294967295,0,0
deliciousFruit,1635,1436,002DD67F,0,1,1,4294967295,0,0
deliciousFruit,1646,1428,0038CDA5,0,1,1,4294967295,0,0
deliciousFruit,1658,1420,0034FBC0,0,1,1,4294967295,0,0
deliciousFruit,1669,1414,00379956,0,1,1,4294967295,0,0
deliciousFruit,1764,1541,00208331,0,1,1,4294967295,0,0
deliciousFruit,1766,1528,00391BD1,0,1,1,4294967295,0,0
deliciousFruit,1777,1517,0039EAA6,0,1,1,4294967295,0,0
deliciousFruit,1789,1512,0030050C,0,1,1,4294967295,0,0
deliciousFruit,1801,1510,0024F6D4,0,1,1,4294967295,0,0
deliciousFruit,1812,1510,001760DB,0,1,1,4294967295,0,0
deliciousFruit,1824,1511,00063CC6,0,1,1,4294967295,0,0
deliciousFruit,1835,1515,002CFCE4,0,1,1,4294967295,0,0
deliciousFruit,1845,1527,0024D0E6,0,1,1,4294967295,0,0
deliciousFruit,1851,1539,0017CF0F,0,1,1,4294967295,0,0
deliciousFruit,1681,1410,001E8131,0,1,1,4294967295,0,0
deliciousFruit,1693,1415,0024CA30,0,1,1,4294967295,0,0
deliciousFruit,1704,1423,000BBB7C,0,1,1,4294967295,0,0
deliciousFruit,1715,1433,001188A9,0,1,1,4294967295,0,0
deliciousFruit,1724,1446,0015892E,0,1,1,4294967295,0,0
deliciousFruit,1729,1458,000177AB,0,1,1,4294967295,0,0
deliciousFruit,1740,1458,000CFBD7,0,1,1,4294967295,0,0
deliciousFruit,1751,1448,0015A91D,0,1,1,4294967295,0,0
deliciousFruit,1762,1436,00099C5C,0,1,1,4294967295,0,0
deliciousFruit,1778,1422,00373028,0,1,1,4294967295,0,0
deliciousFruit,1791,1411,002B7F9E,0,1,1,4294967295,0,0
deliciousFruit,1803,1402,0025D22B,0,1,1,4294967295,0,0
deliciousFruit,1814,1397,0032546A,0,1,1,4294967295,0,0
deliciousFruit,1825,1394,003649C7,0,1,1,4294967295,0,0
deliciousFruit,1836,1392,00189AC8,0,1,1,4294967295,0,0
deliciousFruit,1848,1393,001A7E3E,0,1,1,4294967295,0,0
deliciousFruit,1860,1399,001BECB5,0,1,1,4294967295,0,0
deliciousFruit,1871,1410,0005E6E3,0,1,1,4294967295,0,0
deliciousFruit,1880,1422,000D2CC3,0,1,1,4294967295,0,0
deliciousFruit,1887,1435,00289466,0,1,1,4294967295,0,0
deliciousFruit,1891,1447,003E02EF,0,1,1,4294967295,0,0
spikeDown,1536,1632,0018ACD0,0,1,1,4294967295,0,0
spikeUp,1536,1696,000D5179,0,1,1,4294967295,0,0
savePointHard,1600,1632,0002FF4A,0,1,1,4294967295,0,0
movingPlatform,1925,1580,0022524E,0,1,1,4294967295,0,1
movingPlatform,2084,1580,00034B66,0,1,1,4294967295,0,1
movingPlatform,2221,1624,001C6E57,0,1,1,4294967295,0,1
spikeUp,2268,1628,002B438A,0,1,1,4294967295,0,0
spikeUp,2266,1628,002E4CDF,0,1,1,4294967295,0,0
spikeUp,2257,1628,00104656,0,1,1,4294967295,0,0
spikeUp,2247,1628,00334A40,0,1,1,4294967295,0,0
spikeUp,2237,1628,000A0F24,0,1,1,4294967295,0,0
spikeUp,2205,1638,0022DA00,0,1,1,4294967295,0,0
spikeUp,2207,1632,0031DEF3,0,1,1,4294967295,0,0
spikeUp,2225,1622,001B57A1,0,1,1,4294967295,0,0
spikeUp,2224,1634,0006CDBD,0,1,1,4294967295,0,0
spikeUp,2211,1635,0003933E,0,1,1,4294967295,0,0
spikeUp,2193,1630,002D6B88,0,1,1,4294967295,0,0
spikeUp,2183,1629,002340C7,0,1,1,4294967295,0,0
spikeUp,2175,1629,0014DA1A,0,1,1,4294967295,0,0
spikeUp,2163,1630,001CD620,0,1,1,4294967295,0,0
spikeUp,2151,1631,00262927,0,1,1,4294967295,0,0
spikeUp,2135,1632,002CED07,0,1,1,4294967295,0,0
spikeUp,2110,1636,000B3EFC,0,1,1,4294967295,0,0
spikeUp,2095,1637,0033B71A,0,1,1,4294967295,0,0
spikeUp,2083,1639,003D1777,0,1,1,4294967295,0,0
spikeUp,2073,1640,002B7028,0,1,1,4294967295,0,0
spikeUp,2063,1642,00243450,0,1,1,4294967295,0,0
spikeUp,2051,1642,003D792F,0,1,1,4294967295,0,0
spikeUp,2039,1643,000DBD4F,0,1,1,4294967295,0,0
spikeUp,2030,1643,0031CDE3,0,1,1,4294967295,0,0
spikeUp,2020,1643,00119780,0,1,1,4294967295,0,0
spikeUp,2013,1643,0006A5C3,0,1,1,4294967295,0,0
spikeUp,2004,1643,00212D86,0,1,1,4294967295,0,0
spikeUp,1996,1643,000582C9,0,1,1,4294967295,0,0
spikeUp,1989,1644,00294973,0,1,1,4294967295,0,0
spikeUp,1979,1644,0007444F,0,1,1,4294967295,0,0
spikeUp,1970,1644,00389614,0,1,1,4294967295,0,0
spikeUp,1962,1644,003A1381,0,1,1,4294967295,0,0
spikeUp,1951,1644,00337898,0,1,1,4294967295,0,0
spikeUp,1943,1644,002B9A3C,0,1,1,4294967295,0,0
spikeUp,1936,1644,002CC054,0,1,1,4294967295,0,0
spikeUp,1930,1644,0023658F,0,1,1,4294967295,0,0
spikeUp,1927,1644,003EBC72,0,1,1,4294967295,0,0
spikeUp,1923,1644,00307CDE,0,1,1,4294967295,0,0
spikeUp,1921,1643,0025E649,0,1,1,4294967295,0,0
spikeUp,1918,1643,000A27C6,0,1,1,4294967295,0,0
spikeUp,1915,1643,00254BAE,0,1,1,4294967295,0,0
spikeUp,1912,1643,003CB784,0,1,1,4294967295,0,0
spikeUp,1909,1643,0002AEFB,0,1,1,4294967295,0,0
spikeUp,1907,1643,000CD535,0,1,1,4294967295,0,0
spikeDown,2300,1468,0004D0BF,0,1,1,4294967295,0,0
spikeDown,2297,1468,0030D1F0,0,1,1,4294967295,0,0
spikeDown,2282,1468,0017BB11,0,1,1,4294967295,0,0
spikeDown,2271,1468,00356058,0,1,1,4294967295,0,0
spikeDown,2260,1468,00363FCA,0,1,1,4294967295,0,0
spikeDown,2249,1470,003B1066,0,1,1,4294967295,0,0
spikeDown,2236,1470,003B5B65,0,1,1,4294967295,0,0
spikeDown,2224,1471,0014A5F1,0,1,1,4294967295,0,0
spikeDown,2216,1471,0023F96F,0,1,1,4294967295,0,0
spikeDown,2205,1471,0007B6FE,0,1,1,4294967295,0,0
spikeDown,2194,1471,0027D59B,0,1,1,4294967295,0,0
spikeDown,2187,1471,00090C49,0,1,1,4294967295,0,0
spikeDown,2175,1471,0031EA2E,0,1,1,4294967295,0,0
spikeDown,2163,1470,003CAC09,0,1,1,4294967295,0,0
spikeDown,2152,1470,0009EA13,0,1,1,4294967295,0,0
spikeDown,2140,1469,001EC54D,0,1,1,4294967295,0,0
spikeDown,2128,1469,002F5D54,0,1,1,4294967295,0,0
spikeDown,2118,1469,0034BB64,0,1,1,4294967295,0,0
spikeDown,2106,1469,00216075,0,1,1,4294967295,0,0
spikeDown,2096,1469,0010A278,0,1,1,4294967295,0,0
spikeDown,2083,1469,0028051D,0,1,1,4294967295,0,0
spikeDown,2069,1469,000E7D17,0,1,1,4294967295,0,0
spikeDown,2055,1469,002B67D3,0,1,1,4294967295,0,0
spikeDown,2039,1470,003C482D,0,1,1,4294967295,0,0
spikeDown,2024,1471,002F6F14,0,1,1,4294967295,0,0
spikeDown,2013,1471,0022263E,0,1,1,4294967295,0,0
spikeDown,2002,1472,001F805A,0,1,1,4294967295,0,0
spikeDown,1995,1472,0028FC0B,0,1,1,4294967295,0,0
spikeDown,1989,1472,0016F07E,0,1,1,4294967295,0,0
spikeDown,1980,1472,000BB1D8,0,1,1,4294967295,0,0
spikeDown,1969,1472,00138320,0,1,1,4294967295,0,0
spikeDown,1961,1473,001A28D4,0,1,1,4294967295,0,0
spikeDown,1954,1473,000E2856,0,1,1,4294967295,0,0
spikeDown,1948,1473,00077084,0,1,1,4294967295,0,0
spikeDown,1942,1474,002ECACE,0,1,1,4294967295,0,0
spikeDown,1934,1475,002A7220,0,1,1,4294967295,0,0
spikeDown,1925,1474,003AEA3A,0,1,1,4294967295,0,0
spikeDown,1916,1472,00270113,0,1,1,4294967295,0,0
spikeDown,1912,1472,0022E3BD,0,1,1,4294967295,0,0
spikeDown,1907,1471,0005C965,0,1,1,4294967295,0,0
spikeDown,1902,1470,00288C0D,0,1,1,4294967295,0,0
spikeDown,1901,1470,003CE4C4,0,1,1,4294967295,0,0
deliciousFruit,2624,71,003308CF,0,1,1,4294967295,0,0
deliciousFruit,2620,73,00268292,0,1,1,4294967295,0,0
deliciousFruit,2620,88,00400872,0,1,1,4294967295,0,0
deliciousFruit,2621,100,00294FEC,0,1,1,4294967295,0,0
deliciousFruit,2624,113,001D537B,0,1,1,4294967295,0,0
deliciousFruit,2626,125,00034F59,0,1,1,4294967295,0,0
deliciousFruit,2627,137,00021390,0,1,1,4294967295,0,0
deliciousFruit,2627,150,0002A219,0,1,1,4294967295,0,0
deliciousFruit,2627,163,001145C6,0,1,1,4294967295,0,0
deliciousFruit,2625,175,0038FBBB,0,1,1,4294967295,0,0
deliciousFruit,2621,187,001A0A34,0,1,1,4294967295,0,0
deliciousFruit,2701,206,002491FF,0,1,1,4294967295,0,0
deliciousFruit,2712,190,0026B85D,0,1,1,4294967295,0,0
deliciousFruit,2721,177,00397BC0,0,1,1,4294967295,0,0
deliciousFruit,2731,162,001FA04A,0,1,1,4294967295,0,0
deliciousFruit,2740,147,00400CA9,0,1,1,4294967295,0,0
deliciousFruit,2747,133,001E2A95,0,1,1,4294967295,0,0
deliciousFruit,2751,120,002CF6F3,0,1,1,4294967295,0,0
deliciousFruit,2751,106,003F796A,0,1,1,4294967295,0,0
deliciousFruit,2747,93,0019C4FF,0,1,1,4294967295,0,0
deliciousFruit,2736,83,00021D5D,0,1,1,4294967295,0,0
deliciousFruit,2725,85,0030337F,0,1,1,4294967295,0,0
deliciousFruit,2715,97,00021AB5,0,1,1,4294967295,0,0
deliciousFruit,2710,109,00307835,0,1,1,4294967295,0,0
deliciousFruit,2703,95,000EAF08,0,1,1,4294967295,0,0
deliciousFruit,2697,82,00370837,0,1,1,4294967295,0,0
deliciousFruit,2686,77,0006B7A4,0,1,1,4294967295,0,0
deliciousFruit,2675,76,00136E40,0,1,1,4294967295,0,0
deliciousFruit,2664,83,0016B58D,0,1,1,4294967295,0,0
deliciousFruit,2665,95,00255B76,0,1,1,4294967295,0,0
deliciousFruit,2668,108,00096D00,0,1,1,4294967295,0,0
deliciousFruit,2673,121,000A7DBA,0,1,1,4294967295,0,0
deliciousFruit,2678,134,002F54E7,0,1,1,4294967295,0,0
deliciousFruit,2683,147,00018E5E,0,1,1,4294967295,0,0
deliciousFruit,2688,159,002BAE28,0,1,1,4294967295,0,0
deliciousFruit,2691,171,00340AD1,0,1,1,4294967295,0,0
deliciousFruit,2693,183,00365E70,0,1,1,4294967295,0,0
deliciousFruit,2693,195,003345D7,0,1,1,4294967295,0,0
deliciousFruit,2810,194,00380218,0,1,1,4294967295,0,0
deliciousFruit,2811,179,001757FA,0,1,1,4294967295,0,0
deliciousFruit,2812,166,001C9AB4,0,1,1,4294967295,0,0
deliciousFruit,2812,152,000F9EF1,0,1,1,4294967295,0,0
deliciousFruit,2812,139,0033C4F8,0,1,1,4294967295,0,0
deliciousFruit,2812,124,0037E2C4,0,1,1,4294967295,0,0
deliciousFruit,2812,111,002A1CAD,0,1,1,4294967295,0,0
deliciousFruit,2812,98,000BC54A,0,1,1,4294967295,0,0
deliciousFruit,2823,107,001B8BB8,0,1,1,4294967295,0,0
deliciousFruit,2830,119,003EC1FD,0,1,1,4294967295,0,0
deliciousFruit,2841,110,00023FAF,0,1,1,4294967295,0,0
deliciousFruit,2852,93,0030AC22,0,1,1,4294967295,0,0
deliciousFruit,2861,80,003AC4C6,0,1,1,4294967295,0,0
deliciousFruit,2866,93,002C3577,0,1,1,4294967295,0,0
deliciousFruit,2866,109,00025584,0,1,1,4294967295,0,0
deliciousFruit,2866,131,0008BCE7,0,1,1,4294967295,0,0
deliciousFruit,2865,158,001B574D,0,1,1,4294967295,0,0
deliciousFruit,2865,177,0007577A,0,1,1,4294967295,0,0
deliciousFruit,2867,193,001C9696,0,1,1,4294967295,0,0
deliciousFruit,2906,165,000A7EAC,0,1,1,4294967295,0,0
deliciousFruit,2903,178,0020CCBE,0,1,1,4294967295,0,0
deliciousFruit,2909,190,001939AC,0,1,1,4294967295,0,0
deliciousFruit,2921,193,002AC516,0,1,1,4294967295,0,0
deliciousFruit,2932,190,000E4162,0,1,1,4294967295,0,0
deliciousFruit,2941,177,0027B694,0,1,1,4294967295,0,0
deliciousFruit,2944,164,000C95EF,0,1,1,4294967295,0,0
deliciousFruit,2954,176,003DDCDA,0,1,1,4294967295,0,0
deliciousFruit,2965,187,0037D57C,0,1,1,4294967295,0,0
deliciousFruit,2976,192,001DD706,0,1,1,4294967295,0,0
deliciousFruit,3021,210,00209F8B,0,1,1,4294967295,0,0
deliciousFruit,3020,191,0000CAFA,0,1,1,4294967295,0,0
deliciousFruit,3018,174,00027EC5,0,1,1,4294967295,0,0
deliciousFruit,3018,160,000F3EA7,0,1,1,4294967295,0,0
deliciousFruit,3018,147,00252C63,0,1,1,4294967295,0,0
deliciousFruit,3025,134,00186D5A,0,1,1,4294967295,0,0
deliciousFruit,3036,127,003777CC,0,1,1,4294967295,0,0
deliciousFruit,3047,126,0037FF25,0,1,1,4294967295,0,0
deliciousFruit,3058,132,000F75DE,0,1,1,4294967295,0,0
deliciousFruit,3061,144,0031EEB1,0,1,1,4294967295,0,0
deliciousFruit,3052,158,00196CDE,0,1,1,4294967295,0,0
deliciousFruit,3038,172,00387717,0,1,1,4294967295,0,0
deliciousFruit,3027,180,00000A85,0,1,1,4294967295,0,0
deliciousFruit,3016,183,000D8703,0,1,1,4294967295,0,0
deliciousFruit,3078,188,003390FC,0,1,1,4294967295,0,0
deliciousFruit,3078,170,001E386F,0,1,1,4294967295,0,0
deliciousFruit,3079,150,0025683E,0,1,1,4294967295,0,0
deliciousFruit,3081,133,0018CEC1,0,1,1,4294967295,0,0
deliciousFruit,3083,120,00337B51,0,1,1,4294967295,0,0
deliciousFruit,3143,180,003D2C20,0,1,1,4294967295,0,0
deliciousFruit,3132,180,0035F1C9,0,1,1,4294967295,0,0
deliciousFruit,3120,174,003E2210,0,1,1,4294967295,0,0
deliciousFruit,3110,160,001A0E3C,0,1,1,4294967295,0,0
deliciousFruit,3112,147,00284B82,0,1,1,4294967295,0,0
deliciousFruit,3123,138,000DFA09,0,1,1,4294967295,0,0
deliciousFruit,3134,134,0023AE1B,0,1,1,4294967295,0,0
deliciousFruit,3145,134,00112B25,0,1,1,4294967295,0,0
deliciousFruit,3134,145,002CB618,0,1,1,4294967295,0,0
deliciousFruit,3120,152,000B551D,0,1,1,4294967295,0,0
deliciousFruit,2824,274,00205932,0,1,1,4294967295,0,0
deliciousFruit,2836,282,000A790F,0,1,1,4294967295,0,0
deliciousFruit,2847,284,003876E9,0,1,1,4294967295,0,0
deliciousFruit,2858,285,00103917,0,1,1,4294967295,0,0
deliciousFruit,2870,273,003A8AF0,0,1,1,4294967295,0,0
deliciousFruit,2872,258,001B4E19,0,1,1,4294967295,0,0
deliciousFruit,2872,245,00307359,0,1,1,4294967295,0,0
deliciousFruit,2859,236,002BC4EF,0,1,1,4294967295,0,0
deliciousFruit,2847,231,001B14A3,0,1,1,4294967295,0,0
deliciousFruit,2841,218,00171128,0,1,1,4294967295,0,0
deliciousFruit,2853,211,00029E78,0,1,1,4294967295,0,0
deliciousFruit,2864,210,00302575,0,1,1,4294967295,0,0
deliciousFruit,2931,215,002B778A,0,1,1,4294967295,0,0
deliciousFruit,2930,232,003D1EDA,0,1,1,4294967295,0,0
deliciousFruit,2927,263,001422D5,0,1,1,4294967295,0,0
deliciousFruit,2926,281,00136C50,0,1,1,4294967295,0,0
deliciousFruit,2904,229,00225D84,0,1,1,4294967295,0,0
deliciousFruit,2917,229,0019FCA9,0,1,1,4294967295,0,0
deliciousFruit,2933,232,00387A1A,0,1,1,4294967295,0,0
deliciousFruit,2945,235,0004E2C9,0,1,1,4294967295,0,0
deliciousFruit,2956,237,001AF79A,0,1,1,4294967295,0,0
deliciousFruit,3003,243,0013D618,0,1,1,4294967295,0,0
deliciousFruit,2992,248,0033CD69,0,1,1,4294967295,0,0
deliciousFruit,2981,256,0031D2BB,0,1,1,4294967295,0,0
deliciousFruit,2973,268,0019AB7B,0,1,1,4294967295,0,0
deliciousFruit,2974,281,001F1E2A,0,1,1,4294967295,0,0
deliciousFruit,2981,293,0015B999,0,1,1,4294967295,0,0
deliciousFruit,2993,299,00048A60,0,1,1,4294967295,0,0
deliciousFruit,3004,301,00378AF3,0,1,1,4294967295,0,0
deliciousFruit,3017,300,003374B9,0,1,1,4294967295,0,0
deliciousFruit,3028,290,000B0AA0,0,1,1,4294967295,0,0
deliciousFruit,3035,277,003C5D13,0,1,1,4294967295,0,0
deliciousFruit,3039,264,003A36D0,0,1,1,4294967295,0,0
deliciousFruit,3029,251,00212A1B,0,1,1,4294967295,0,0
deliciousFruit,3016,248,0015EA76,0,1,1,4294967295,0,0
deliciousFruit,3077,303,0000DB3E,0,1,1,4294967295,0,0
deliciousFruit,3077,289,0030F512,0,1,1,4294967295,0,0
deliciousFruit,3077,276,003C008C,0,1,1,4294967295,0,0
deliciousFruit,3078,263,002C11C4,0,1,1,4294967295,0,0
deliciousFruit,3089,251,0037D5C8,0,1,1,4294967295,0,0
deliciousFruit,3100,239,003BE896,0,1,1,4294967295,0,0
deliciousFruit,3111,233,001B1A3B,0,1,1,4294967295,0,0
deliciousFruit,3082,252,0009340E,0,1,1,4294967295,0,0
deliciousFruit,3077,239,001AA996,0,1,1,4294967295,0,0
deliciousFruit,3136,312,0035373D,0,1,1,4294967295,0,0
deliciousFruit,3144,298,0006339C,0,1,1,4294967295,0,0
deliciousFruit,3152,284,00163086,0,1,1,4294967295,0,0
deliciousFruit,3158,271,00348117,0,1,1,4294967295,0,0
deliciousFruit,3166,256,0003FD6C,0,1,1,4294967295,0,0
deliciousFruit,3153,275,002DB771,0,1,1,4294967295,0,0
deliciousFruit,3143,262,00105097,0,1,1,4294967295,0,0
deliciousFruit,2640,353,002792BC,0,1,1,4294967295,0,0
deliciousFruit,2641,365,002F9951,0,1,1,4294967295,0,0
deliciousFruit,2641,379,00236ADF,0,1,1,4294967295,0,0
deliciousFruit,2643,392,0034E500,0,1,1,4294967295,0,0
deliciousFruit,2644,405,003E6B86,0,1,1,4294967295,0,0
deliciousFruit,2698,345,0017650A,0,1,1,4294967295,0,0
deliciousFruit,2700,357,00186305,0,1,1,4294967295,0,0
deliciousFruit,2701,369,003B005C,0,1,1,4294967295,0,0
deliciousFruit,2703,381,000CC25C,0,1,1,4294967295,0,0
deliciousFruit,2704,393,000CD5C8,0,1,1,4294967295,0,0
deliciousFruit,2705,405,002F2617,0,1,1,4294967295,0,0
deliciousFruit,2427,226,003EECB5,0,1,1,4294967295,0,0
deliciousFruit,2407,227,00016349,0,1,1,4294967295,0,0
deliciousFruit,2396,227,000EE8CF,0,1,1,4294967295,0,0
deliciousFruit,2341,227,00075CA7,0,1,1,4294967295,0,0
deliciousFruit,2171,337,000A5D8E,0,1,1,4294967295,0,0
deliciousFruit,2120,418,000DAA45,0,1,1,4294967295,0,0
deliciousFruit,2116,442,00034A3A,0,1,1,4294967295,0,0
deliciousFruit,2154,442,0037FA60,0,1,1,4294967295,0,0
deliciousFruit,2352,259,003C48CB,0,1,1,4294967295,0,0
deliciousFruit,2387,174,0022D9FA,0,1,1,4294967295,0,0
deliciousFruit,2376,132,0012B2FC,0,1,1,4294967295,0,0
deliciousFruit,2270,157,0034B874,0,1,1,4294967295,0,0
deliciousFruit,2247,181,001995F5,0,1,1,4294967295,0,0
deliciousFruit,2246,194,000D8E03,0,1,1,4294967295,0,0
deliciousFruit,2270,208,001E5550,0,1,1,4294967295,0,0
deliciousFruit,2325,211,003A5D9E,0,1,1,4294967295,0,0
deliciousFruit,2417,199,002EBC71,0,1,1,4294967295,0,0
deliciousFruit,2413,186,000BCD48,0,1,1,4294967295,0,0
deliciousFruit,2355,179,0017554A,0,1,1,4294967295,0,0
deliciousFruit,2231,196,001CDC00,0,1,1,4294967295,0,0
deliciousFruit,2156,190,0026999D,0,1,1,4294967295,0,0
deliciousFruit,2118,157,00066777,0,1,1,4294967295,0,0
deliciousFruit,2136,145,000E00D2,0,1,1,4294967295,0,0
deliciousFruit,2226,159,003017BC,0,1,1,4294967295,0,0
deliciousFruit,2280,195,001EBB4C,0,1,1,4294967295,0,0
deliciousFruit,2326,250,002BAC91,0,1,1,4294967295,0,0
deliciousFruit,2366,293,001FF2B1,0,1,1,4294967295,0,0
deliciousFruit,2421,302,000996F5,0,1,1,4294967295,0,0
deliciousFruit,2483,260,00020665,0,1,1,4294967295,0,0
deliciousFruit,2496,229,0033764B,0,1,1,4294967295,0,0
deliciousFruit,2479,224,003C16B4,0,1,1,4294967295,0,0
deliciousFruit,2459,235,0033CA43,0,1,1,4294967295,0,0
deliciousFruit,2394,285,000C3886,0,1,1,4294967295,0,0
deliciousFruit,2237,385,002AB60F,0,1,1,4294967295,0,0
deliciousFruit,2177,387,0003DE4D,0,1,1,4294967295,0,0
deliciousFruit,2106,356,002E8538,0,1,1,4294967295,0,0
deliciousFruit,2028,268,0022AC87,0,1,1,4294967295,0,0
deliciousFruit,2026,238,002EA33D,0,1,1,4294967295,0,0
deliciousFruit,2038,213,002225FF,0,1,1,4294967295,0,0
deliciousFruit,2065,192,0037FF09,0,1,1,4294967295,0,0
deliciousFruit,2129,211,00039E2F,0,1,1,4294967295,0,0
deliciousFruit,2156,277,0013A2CF,0,1,1,4294967295,0,0
deliciousFruit,2181,335,00395D7A,0,1,1,4294967295,0,0
deliciousFruit,2220,369,0019CF2C,0,1,1,4294967295,0,0
deliciousFruit,2416,357,001AB63D,0,1,1,4294967295,0,0
deliciousFruit,2486,331,00041370,0,1,1,4294967295,0,0
deliciousFruit,2523,306,002777DB,0,1,1,4294967295,0,0
deliciousFruit,2537,282,001294E9,0,1,1,4294967295,0,0
deliciousFruit,2491,252,0016A542,0,1,1,4294967295,0,0
deliciousFruit,2444,256,002FDECB,0,1,1,4294967295,0,0
deliciousFruit,2299,319,0021A196,0,1,1,4294967295,0,0
deliciousFruit,2228,334,003B3DD2,0,1,1,4294967295,0,0
deliciousFruit,2155,327,003453FB,0,1,1,4294967295,0,0
deliciousFruit,2082,267,00388F92,0,1,1,4294967295,0,0
deliciousFruit,2076,227,003F6524,0,1,1,4294967295,0,0
deliciousFruit,2083,195,001CD24C,0,1,1,4294967295,0,0
deliciousFruit,2123,153,00390E50,0,1,1,4294967295,0,0
deliciousFruit,2216,128,0016DC81,0,1,1,4294967295,0,0
deliciousFruit,2262,134,001CF981,0,1,1,4294967295,0,0
deliciousFruit,2310,148,003BC16C,0,1,1,4294967295,0,0
deliciousFruit,2368,156,002F34C0,0,1,1,4294967295,0,0
deliciousFruit,2449,129,0001E7BF,0,1,1,4294967295,0,0
deliciousFruit,2454,114,000D5E97,0,1,1,4294967295,0,0
deliciousFruit,2416,101,00259842,0,1,1,4294967295,0,0
deliciousFruit,2318,103,00013AC5,0,1,1,4294967295,0,0
deliciousFruit,2189,142,003427FB,0,1,1,4294967295,0,0
deliciousFruit,2076,204,001F1C00,0,1,1,4294967295,0,0
deliciousFruit,2046,225,002C2309,0,1,1,4294967295,0,0
deliciousFruit,2056,240,00246433,0,1,1,4294967295,0,0
deliciousFruit,2129,267,00389C02,0,1,1,4294967295,0,0
deliciousFruit,2254,295,000E1840,0,1,1,4294967295,0,0
deliciousFruit,2357,295,0039A1D5,0,1,1,4294967295,0,0
deliciousFruit,2418,266,000E9CAB,0,1,1,4294967295,0,0
deliciousFruit,2419,213,003E1020,0,1,1,4294967295,0,0
deliciousFruit,2286,186,00096C66,0,1,1,4294967295,0,0
deliciousFruit,2093,290,0005D6B5,0,1,1,4294967295,0,0
deliciousFruit,1953,450,000CA2F4,0,1,1,4294967295,0,0
deliciousFruit,1948,498,0036BEE5,0,1,1,4294967295,0,0
deliciousFruit,2047,514,0001A4CC,0,1,1,4294967295,0,0
deliciousFruit,2256,451,003E7353,0,1,1,4294967295,0,0
deliciousFruit,2488,315,0010631A,0,1,1,4294967295,0,0
deliciousFruit,2549,262,00230F7F,0,1,1,4294967295,0,0
deliciousFruit,2536,232,000943BE,0,1,1,4294967295,0,0
deliciousFruit,2480,218,0000BB15,0,1,1,4294967295,0,0
deliciousFruit,2406,232,002BBE5C,0,1,1,4294967295,0,0
deliciousFruit,2325,301,0030F3B6,0,1,1,4294967295,0,0
deliciousFruit,2270,351,001CA9E8,0,1,1,4294967295,0,0
deliciousFruit,2221,352,0021EF63,0,1,1,4294967295,0,0
deliciousFruit,2177,324,0033F2E9,0,1,1,4294967295,0,0
deliciousFruit,2142,282,002A508E,0,1,1,4294967295,0,0
deliciousFruit,2134,260,0039675B,0,1,1,4294967295,0,0
deliciousFruit,2146,248,003C1866,0,1,1,4294967295,0,0
deliciousFruit,2207,241,001E625A,0,1,1,4294967295,0,0
deliciousFruit,2261,276,003FBB60,0,1,1,4294967295,0,0
deliciousFruit,2330,368,003B5BA2,0,1,1,4294967295,0,0
deliciousFruit,2399,444,001E0274,0,1,1,4294967295,0,0
deliciousFruit,2458,467,0034BAD9,0,1,1,4294967295,0,0
deliciousFruit,2500,466,000705BD,0,1,1,4294967295,0,0
deliciousFruit,2511,463,00073C36,0,1,1,4294967295,0,0
deliciousFruit,2499,466,003B6E26,0,1,1,4294967295,0,0
deliciousFruit,2427,489,000E513A,0,1,1,4294967295,0,0
deliciousFruit,2352,499,001D8AEC,0,1,1,4294967295,0,0
deliciousFruit,2270,499,00199AF9,0,1,1,4294967295,0,0
deliciousFruit,2207,476,000F45E3,0,1,1,4294967295,0,0
deliciousFruit,2144,434,0011DE2A,0,1,1,4294967295,0,0
deliciousFruit,2099,400,00223949,0,1,1,4294967295,0,0
deliciousFruit,2055,349,001ECBA2,0,1,1,4294967295,0,0
deliciousFruit,2029,298,00394CFC,0,1,1,4294967295,0,0
deliciousFruit,2014,239,0008862D,0,1,1,4294967295,0,0
deliciousFruit,2000,197,001A3AFF,0,1,1,4294967295,0,0
deliciousFruit,1977,156,000FA850,0,1,1,4294967295,0,0
deliciousFruit,1966,148,00211FF0,0,1,1,4294967295,0,0
deliciousFruit,1958,161,0027307F,0,1,1,4294967295,0,0
deliciousFruit,1956,175,00157B0C,0,1,1,4294967295,0,0
deliciousFruit,1953,192,001609D5,0,1,1,4294967295,0,0
deliciousFruit,1951,221,000B7A29,0,1,1,4294967295,0,0
deliciousFruit,1954,254,0038573F,0,1,1,4294967295,0,0
deliciousFruit,1981,309,00002C64,0,1,1,4294967295,0,0
deliciousFruit,2065,379,0010E48C,0,1,1,4294967295,0,0
deliciousFruit,2170,443,000C4BF7,0,1,1,4294967295,0,0
deliciousFruit,2241,480,0028F395,0,1,1,4294967295,0,0
deliciousFruit,2307,513,001CDD1C,0,1,1,4294967295,0,0
deliciousFruit,2344,539,00209BDD,0,1,1,4294967295,0,0
deliciousFruit,2364,560,001D66D8,0,1,1,4294967295,0,0
deliciousFruit,2352,570,0005592E,0,1,1,4294967295,0,0
deliciousFruit,2324,576,002FE457,0,1,1,4294967295,0,0
deliciousFruit,2279,579,003044CA,0,1,1,4294967295,0,0
deliciousFruit,2189,561,002B6EE7,0,1,1,4294967295,0,0
deliciousFruit,2142,538,0005B32E,0,1,1,4294967295,0,0
deliciousFruit,2092,516,003A5DCB,0,1,1,4294967295,0,0
deliciousFruit,2028,498,00048D92,0,1,1,4294967295,0,0
deliciousFruit,2007,496,003C38A9,0,1,1,4294967295,0,0
deliciousFruit,1980,493,0018801E,0,1,1,4294967295,0,0
deliciousFruit,1961,488,002CCE80,0,1,1,4294967295,0,0
deliciousFruit,1937,474,0027ABCF,0,1,1,4294967295,0,0
deliciousFruit,1913,452,0020F53D,0,1,1,4294967295,0,0
deliciousFruit,1899,435,002B7233,0,1,1,4294967295,0,0
deliciousFruit,1890,422,000E1B42,0,1,1,4294967295,0,0
deliciousFruit,1890,409,00154973,0,1,1,4294967295,0,0
deliciousFruit,1901,402,0038DE78,0,1,1,4294967295,0,0
deliciousFruit,1922,396,00005E46,0,1,1,4294967295,0,0
deliciousFruit,1945,394,00214DBE,0,1,1,4294967295,0,0
deliciousFruit,1973,397,0024AE6A,0,1,1,4294967295,0,0
deliciousFruit,1997,402,0013D442,0,1,1,4294967295,0,0
deliciousFruit,2012,407,002F0A5B,0,1,1,4294967295,0,0
deliciousFruit,2026,414,002427CF,0,1,1,4294967295,0,0
deliciousFruit,2040,423,00305786,0,1,1,4294967295,0,0
deliciousFruit,2054,433,001DAC20,0,1,1,4294967295,0,0
deliciousFruit,2077,444,003E4DA1,0,1,1,4294967295,0,0
deliciousFruit,2100,455,00143A4A,0,1,1,4294967295,0,0
deliciousFruit,2120,466,0017AE27,0,1,1,4294967295,0,0
deliciousFruit,2141,475,003E6BE8,0,1,1,4294967295,0,0
deliciousFruit,2158,483,001A810C,0,1,1,4294967295,0,0
deliciousFruit,2176,490,0032F482,0,1,1,4294967295,0,0
deliciousFruit,2199,497,003FCED5,0,1,1,4294967295,0,0
deliciousFruit,2229,503,0037C501,0,1,1,4294967295,0,0
deliciousFruit,2257,506,0032FF3B,0,1,1,4294967295,0,0
deliciousFruit,2299,511,00137131,0,1,1,4294967295,0,0
deliciousFruit,2350,520,00081744,0,1,1,4294967295,0,0
deliciousFruit,2404,529,0010EFAA,0,1,1,4294967295,0,0
deliciousFruit,2451,536,001D8EB6,0,1,1,4294967295,0,0
deliciousFruit,2484,542,0010C2E4,0,1,1,4294967295,0,0
deliciousFruit,2508,547,00403BFF,0,1,1,4294967295,0,0
deliciousFruit,2490,558,00337E23,0,1,1,4294967295,0,0
deliciousFruit,2436,560,0033ADDB,0,1,1,4294967295,0,0
deliciousFruit,2379,560,00120EAD,0,1,1,4294967295,0,0
deliciousFruit,2328,556,002C5B74,0,1,1,4294967295,0,0
deliciousFruit,2284,553,002AFA5E,0,1,1,4294967295,0,0
deliciousFruit,2236,550,002206D7,0,1,1,4294967295,0,0
deliciousFruit,2184,543,001C79E5,0,1,1,4294967295,0,0
deliciousFruit,2148,540,000A4498,0,1,1,4294967295,0,0
deliciousFruit,2107,540,000ECC98,0,1,1,4294967295,0,0
deliciousFruit,2067,540,003F8D54,0,1,1,4294967295,0,0
deliciousFruit,2034,540,003B2A65,0,1,1,4294967295,0,0
deliciousFruit,2001,537,0004D24D,0,1,1,4294967295,0,0
deliciousFruit,1971,522,002475C7,0,1,1,4294967295,0,0
deliciousFruit,1938,472,0004F7AE,0,1,1,4294967295,0,0
deliciousFruit,1924,420,0018BF30,0,1,1,4294967295,0,0
deliciousFruit,1920,362,00216DC4,0,1,1,4294967295,0,0
deliciousFruit,1920,311,001EAB7D,0,1,1,4294967295,0,0
deliciousFruit,1922,287,001AC8A3,0,1,1,4294967295,0,0
deliciousFruit,1925,262,00376781,0,1,1,4294967295,0,0
deliciousFruit,1934,237,003DB2D9,0,1,1,4294967295,0,0
deliciousFruit,1955,217,002ECBDA,0,1,1,4294967295,0,0
deliciousFruit,2007,196,003439F4,0,1,1,4294967295,0,0
deliciousFruit,2060,190,003D8844,0,1,1,4294967295,0,0
deliciousFruit,2124,187,00041A71,0,1,1,4294967295,0,0
deliciousFruit,2163,192,002779AA,0,1,1,4294967295,0,0
deliciousFruit,2191,209,000E37BF,0,1,1,4294967295,0,0
deliciousFruit,2217,247,00286D22,0,1,1,4294967295,0,0
deliciousFruit,2226,284,0010072C,0,1,1,4294967295,0,0
deliciousFruit,2234,330,000719D5,0,1,1,4294967295,0,0
deliciousFruit,2249,362,002DA3B7,0,1,1,4294967295,0,0
deliciousFruit,2276,389,003B609F,0,1,1,4294967295,0,0
deliciousFruit,2319,412,0003799E,0,1,1,4294967295,0,0
deliciousFruit,2363,423,000B1BE3,0,1,1,4294967295,0,0
deliciousFruit,2375,425,000947E3,0,1,1,4294967295,0,0
deliciousFruit,2362,413,0016A33F,0,1,1,4294967295,0,0
deliciousFruit,2347,403,002CCDA1,0,1,1,4294967295,0,0
deliciousFruit,2308,380,003EFEF9,0,1,1,4294967295,0,0
deliciousFruit,2228,302,0025BFC8,0,1,1,4294967295,0,0
deliciousFruit,2199,270,0034DFEB,0,1,1,4294967295,0,0
deliciousFruit,2155,225,001C1CF1,0,1,1,4294967295,0,0
deliciousFruit,2144,215,000AA616,0,1,1,4294967295,0,0
deliciousFruit,2616,439,002972A7,0,1,1,4294967295,0,0
deliciousFruit,2608,451,0013B92B,0,1,1,4294967295,0,0
deliciousFruit,2606,463,0025F571,0,1,1,4294967295,0,0
deliciousFruit,2615,475,001595FE,0,1,1,4294967295,0,0
deliciousFruit,2626,483,000F98EB,0,1,1,4294967295,0,0
deliciousFruit,2637,485,002A64AB,0,1,1,4294967295,0,0
deliciousFruit,2648,486,0013FA28,0,1,1,4294967295,0,0
deliciousFruit,2660,485,001AFC34,0,1,1,4294967295,0,0
deliciousFruit,2671,479,002476F2,0,1,1,4294967295,0,0
deliciousFruit,2682,470,0010D6EE,0,1,1,4294967295,0,0
deliciousFruit,2687,457,00202271,0,1,1,4294967295,0,0
deliciousFruit,2698,467,0029D705,0,1,1,4294967295,0,0
deliciousFruit,2709,472,000A13CE,0,1,1,4294967295,0,0
deliciousFruit,2720,474,001A9878,0,1,1,4294967295,0,0
deliciousFruit,2731,475,001D006A,0,1,1,4294967295,0,0
deliciousFruit,2742,472,000E6095,0,1,1,4294967295,0,0
deliciousFruit,2753,459,001820B9,0,1,1,4294967295,0,0
deliciousFruit,2756,446,0029509C,0,1,1,4294967295,0,0
deliciousFruit,2751,433,0005A86D,0,1,1,4294967295,0,0
deliciousFruit,2460,147,003B7632,0,1,1,4294967295,0,0
deliciousFruit,2443,147,00309A39,0,1,1,4294967295,0,0
deliciousFruit,2382,158,0016E6D9,0,1,1,4294967295,0,0
deliciousFruit,2319,174,003A4BA7,0,1,1,4294967295,0,0
deliciousFruit,2272,190,0012605C,0,1,1,4294967295,0,0
deliciousFruit,2249,198,003CD294,0,1,1,4294967295,0,0
deliciousFruit,2233,209,0020751D,0,1,1,4294967295,0,0
deliciousFruit,2212,228,003F391F,0,1,1,4294967295,0,0
deliciousFruit,2186,245,000334E8,0,1,1,4294967295,0,0
deliciousFruit,2149,261,000F5F41,0,1,1,4294967295,0,0
deliciousFruit,2103,271,000B9EEE,0,1,1,4294967295,0,0
deliciousFruit,2051,272,0029EBCF,0,1,1,4294967295,0,0
deliciousFruit,2013,269,00006FE5,0,1,1,4294967295,0,0
deliciousFruit,1984,257,003BA854,0,1,1,4294967295,0,0
deliciousFruit,1959,235,0014B5FC,0,1,1,4294967295,0,0
deliciousFruit,1945,203,002E1170,0,1,1,4294967295,0,0
deliciousFruit,1944,188,001F4971,0,1,1,4294967295,0,0
deliciousFruit,1955,180,003E093C,0,1,1,4294967295,0,0
deliciousFruit,1981,174,003CDEC8,0,1,1,4294967295,0,0
deliciousFruit,2015,175,00138790,0,1,1,4294967295,0,0
deliciousFruit,2044,187,000403FE,0,1,1,4294967295,0,0
deliciousFruit,2057,200,002A7003,0,1,1,4294967295,0,0
deliciousFruit,2068,224,0025A304,0,1,1,4294967295,0,0
deliciousFruit,2078,252,002E16D6,0,1,1,4294967295,0,0
deliciousFruit,2087,282,001080CA,0,1,1,4294967295,0,0
deliciousFruit,2096,317,001A091A,0,1,1,4294967295,0,0
deliciousFruit,2101,335,0035C323,0,1,1,4294967295,0,0
deliciousFruit,2109,350,0039E4DC,0,1,1,4294967295,0,0
deliciousFruit,2118,362,00135B1F,0,1,1,4294967295,0,0
deliciousFruit,2131,376,002A1D18,0,1,1,4294967295,0,0
deliciousFruit,2147,389,000DD86B,0,1,1,4294967295,0,0
deliciousFruit,2177,407,00180D86,0,1,1,4294967295,0,0
deliciousFruit,2205,421,000FAA25,0,1,1,4294967295,0,0
deliciousFruit,2235,434,002A245E,0,1,1,4294967295,0,0
deliciousFruit,2257,442,002E5697,0,1,1,4294967295,0,0
deliciousFruit,2281,448,002FE679,0,1,1,4294967295,0,0
deliciousFruit,2309,456,003D3411,0,1,1,4294967295,0,0
deliciousFruit,2343,459,00296401,0,1,1,4294967295,0,0
deliciousFruit,2387,455,00328DA9,0,1,1,4294967295,0,0
deliciousFruit,2439,435,000A585C,0,1,1,4294967295,0,0
deliciousFruit,2463,416,00340447,0,1,1,4294967295,0,0
deliciousFruit,2466,402,00211D1C,0,1,1,4294967295,0,0
deliciousFruit,2455,389,0022EE25,0,1,1,4294967295,0,0
deliciousFruit,2444,381,0013CB9D,0,1,1,4294967295,0,0
deliciousFruit,2425,375,00097C43,0,1,1,4294967295,0,0
deliciousFruit,2401,372,000BC5AF,0,1,1,4294967295,0,0
deliciousFruit,2374,370,00244A07,0,1,1,4294967295,0,0
deliciousFruit,2344,367,00349E76,0,1,1,4294967295,0,0
deliciousFruit,2308,367,002E50A9,0,1,1,4294967295,0,0
deliciousFruit,2284,368,0007DE7E,0,1,1,4294967295,0,0
deliciousFruit,2256,374,0020DEC4,0,1,1,4294967295,0,0
deliciousFruit,2237,378,000C7E23,0,1,1,4294967295,0,0
deliciousFruit,2217,383,003099B3,0,1,1,4294967295,0,0
deliciousFruit,2194,387,00350B22,0,1,1,4294967295,0,0
deliciousFruit,2168,392,0016E7EF,0,1,1,4294967295,0,0
deliciousFruit,2136,397,0026E5E9,0,1,1,4294967295,0,0
deliciousFruit,2109,400,00191BBD,0,1,1,4294967295,0,0
deliciousFruit,2086,400,000A2383,0,1,1,4294967295,0,0
deliciousFruit,2068,400,00069619,0,1,1,4294967295,0,0
deliciousFruit,2051,398,000B2CFF,0,1,1,4294967295,0,0
deliciousFruit,2040,397,0022088E,0,1,1,4294967295,0,0
deliciousFruit,2029,394,0036ABCD,0,1,1,4294967295,0,0
deliciousFruit,2016,392,000B05AA,0,1,1,4294967295,0,0
deliciousFruit,2002,388,0026F07A,0,1,1,4294967295,0,0
deliciousFruit,1976,376,001BB533,0,1,1,4294967295,0,0
deliciousFruit,1958,363,0026FE57,0,1,1,4294967295,0,0
deliciousFruit,1945,350,0038C489,0,1,1,4294967295,0,0
deliciousFruit,1933,337,00117A7A,0,1,1,4294967295,0,0
deliciousFruit,1927,323,00241998,0,1,1,4294967295,0,0
deliciousFruit,1916,300,00242929,0,1,1,4294967295,0,0
deliciousFruit,1908,272,002CCF13,0,1,1,4294967295,0,0
deliciousFruit,1907,243,0006CFE6,0,1,1,4294967295,0,0
deliciousFruit,1912,226,00213E9C,0,1,1,4294967295,0,0
deliciousFruit,1939,195,0005880F,0,1,1,4294967295,0,0
deliciousFruit,1980,166,0008F49A,0,1,1,4294967295,0,0
deliciousFruit,2017,154,003B6748,0,1,1,4294967295,0,0
deliciousFruit,2049,149,0003DB57,0,1,1,4294967295,0,0
deliciousFruit,2073,154,0009551D,0,1,1,4294967295,0,0
deliciousFruit,2091,167,00259B1E,0,1,1,4294967295,0,0
deliciousFruit,2112,192,0001BC32,0,1,1,4294967295,0,0
deliciousFruit,2152,228,00245FDC,0,1,1,4294967295,0,0
deliciousFruit,2192,264,002F1F14,0,1,1,4294967295,0,0
deliciousFruit,2252,302,00148FF3,0,1,1,4294967295,0,0
deliciousFruit,2304,318,000C6AFE,0,1,1,4294967295,0,0
deliciousFruit,2344,315,001B9EDD,0,1,1,4294967295,0,0
deliciousFruit,2390,281,00055016,0,1,1,4294967295,0,0
deliciousFruit,2407,244,002371B6,0,1,1,4294967295,0,0
deliciousFruit,2401,222,001B4048,0,1,1,4294967295,0,0
deliciousFruit,2376,210,000E8299,0,1,1,4294967295,0,0
deliciousFruit,2332,200,002A2A02,0,1,1,4294967295,0,0
deliciousFruit,2288,193,0012CC7E,0,1,1,4294967295,0,0
deliciousFruit,2247,188,0003163A,0,1,1,4294967295,0,0
deliciousFruit,2206,186,002B0DC3,0,1,1,4294967295,0,0
deliciousFruit,2170,191,0009201A,0,1,1,4294967295,0,0
deliciousFruit,2120,201,00128E6A,0,1,1,4294967295,0,0
deliciousFruit,2075,204,0002FA7C,0,1,1,4294967295,0,0
deliciousFruit,2036,191,002BB37C,0,1,1,4294967295,0,0
deliciousFruit,2017,173,003CEE6F,0,1,1,4294967295,0,0
deliciousFruit,2014,155,001A77C2,0,1,1,4294967295,0,0
deliciousFruit,2051,106,002D5D05,0,1,1,4294967295,0,0
deliciousFruit,2085,90,00054C58,0,1,1,4294967295,0,0
deliciousFruit,2115,89,003AFF83,0,1,1,4294967295,0,0
deliciousFruit,2909,363,000C3C06,0,1,1,4294967295,0,0
deliciousFruit,2897,364,003DC7F2,0,1,1,4294967295,0,0
deliciousFruit,2886,366,0030EBB0,0,1,1,4294967295,0,0
deliciousFruit,2877,379,0010EC1D,0,1,1,4294967295,0,0
deliciousFruit,2875,391,0019BEF4,0,1,1,4294967295,0,0
deliciousFruit,2876,403,00024C1B,0,1,1,4294967295,0,0
deliciousFruit,2885,415,0012EA91,0,1,1,4294967295,0,0
deliciousFruit,2896,418,003C6DA3,0,1,1,4294967295,0,0
deliciousFruit,2907,419,00391367,0,1,1,4294967295,0,0
deliciousFruit,2919,418,000F5096,0,1,1,4294967295,0,0
deliciousFruit,2933,406,0018669F,0,1,1,4294967295,0,0
deliciousFruit,2941,393,003D7503,0,1,1,4294967295,0,0
deliciousFruit,2942,380,0002C0B4,0,1,1,4294967295,0,0
deliciousFruit,2931,370,0001B884,0,1,1,4294967295,0,0
deliciousFruit,2920,367,0025F589,0,1,1,4294967295,0,0
deliciousFruit,2909,363,001615DE,0,1,1,4294967295,0,0
deliciousFruit,2979,368,00269D80,0,1,1,4294967295,0,0
deliciousFruit,2968,373,002CE99B,0,1,1,4294967295,0,0
deliciousFruit,2960,385,0010EF50,0,1,1,4294967295,0,0
deliciousFruit,2956,397,00323A6C,0,1,1,4294967295,0,0
deliciousFruit,2959,409,002C58F7,0,1,1,4294967295,0,0
deliciousFruit,2970,420,00144FB5,0,1,1,4294967295,0,0
deliciousFruit,2981,423,00241535,0,1,1,4294967295,0,0
deliciousFruit,2993,426,000678A1,0,1,1,4294967295,0,0
deliciousFruit,3004,423,0013255F,0,1,1,4294967295,0,0
deliciousFruit,3015,411,002E9B05,0,1,1,4294967295,0,0
deliciousFruit,3018,398,0000B4D0,0,1,1,4294967295,0,0
deliciousFruit,3015,385,000A35A3,0,1,1,4294967295,0,0
deliciousFruit,3004,373,0025316F,0,1,1,4294967295,0,0
deliciousFruit,2992,368,0032315E,0,1,1,4294967295,0,0
deliciousFruit,2987,396,0003E97A,0,1,1,4294967295,0,0
deliciousFruit,2910,389,003474FC,0,1,1,4294967295,0,0
deliciousFruit,2906,422,002B3F56,0,1,1,4294967295,0,0
deliciousFruit,2906,436,0008A4B2,0,1,1,4294967295,0,0
deliciousFruit,2904,453,001D53C3,0,1,1,4294967295,0,0
deliciousFruit,2902,469,004033D5,0,1,1,4294967295,0,0
deliciousFruit,2902,483,003DD90C,0,1,1,4294967295,0,0
deliciousFruit,2901,496,000C6EF0,0,1,1,4294967295,0,0
deliciousFruit,2904,509,00056B38,0,1,1,4294967295,0,0
deliciousFruit,2914,521,003BD1FE,0,1,1,4294967295,0,0
deliciousFruit,2926,527,000759B8,0,1,1,4294967295,0,0
deliciousFruit,2937,527,00164833,0,1,1,4294967295,0,0
deliciousFruit,2949,523,0005DC19,0,1,1,4294967295,0,0
deliciousFruit,2966,510,000371CB,0,1,1,4294967295,0,0
deliciousFruit,2977,498,003C3DBF,0,1,1,4294967295,0,0
deliciousFruit,2981,485,0014D224,0,1,1,4294967295,0,0
deliciousFruit,2983,472,001A5491,0,1,1,4294967295,0,0
deliciousFruit,2985,459,0018E8EB,0,1,1,4294967295,0,0
deliciousFruit,2985,446,000E2934,0,1,1,4294967295,0,0
deliciousFruit,2984,433,00156BA7,0,1,1,4294967295,0,0
deliciousFruit,2908,474,0003A083,0,1,1,4294967295,0,0
deliciousFruit,2919,474,00323CB7,0,1,1,4294967295,0,0
deliciousFruit,2933,475,003289B4,0,1,1,4294967295,0,0
deliciousFruit,2945,478,0007CEFA,0,1,1,4294967295,0,0
deliciousFruit,2956,478,002C40A3,0,1,1,4294967295,0,0
deliciousFruit,2967,480,0038C192,0,1,1,4294967295,0,0
deliciousFruit,2855,514,001C11FF,0,1,1,4294967295,0,0
deliciousFruit,2858,526,001193BC,0,1,1,4294967295,0,0
deliciousFruit,2867,538,00373DC4,0,1,1,4294967295,0,0
deliciousFruit,2879,545,00170E16,0,1,1,4294967295,0,0
deliciousFruit,2890,550,0030076E,0,1,1,4294967295,0,0
deliciousFruit,2902,554,0027EFE9,0,1,1,4294967295,0,0
deliciousFruit,2914,557,0010575E,0,1,1,4294967295,0,0
deliciousFruit,2925,558,00004596,0,1,1,4294967295,0,0
deliciousFruit,2937,558,001343D1,0,1,1,4294967295,0,0
deliciousFruit,2949,557,003665F9,0,1,1,4294967295,0,0
deliciousFruit,2960,555,0038E854,0,1,1,4294967295,0,0
deliciousFruit,2971,552,002A9599,0,1,1,4294967295,0,0
deliciousFruit,2982,548,003DEEAF,0,1,1,4294967295,0,0
deliciousFruit,2994,542,00148C7D,0,1,1,4294967295,0,0
deliciousFruit,3005,532,001F2C43,0,1,1,4294967295,0,0
deliciousFruit,2950,309,0007F29F,0,1,1,4294967295,0,0
deliciousFruit,2937,309,0005543E,0,1,1,4294967295,0,0
deliciousFruit,2919,313,001EDB89,0,1,1,4294967295,0,0
deliciousFruit,2904,315,00253145,0,1,1,4294967295,0,0
deliciousFruit,2892,317,001B8EB5,0,1,1,4294967295,0,0
deliciousFruit,2880,317,002BD7F2,0,1,1,4294967295,0,0
deliciousFruit,2866,316,0012DA3E,0,1,1,4294967295,0,0
deliciousFruit,2855,316,003E8BD0,0,1,1,4294967295,0,0
deliciousFruit,2843,319,000FF214,0,1,1,4294967295,0,0
deliciousFruit,2832,327,0002E8D0,0,1,1,4294967295,0,0
deliciousFruit,2821,338,002618EA,0,1,1,4294967295,0,0
deliciousFruit,2813,350,00296556,0,1,1,4294967295,0,0
deliciousFruit,2807,362,00108782,0,1,1,4294967295,0,0
deliciousFruit,2799,384,00122DEA,0,1,1,4294967295,0,0
deliciousFruit,2793,403,0016386D,0,1,1,4294967295,0,0
deliciousFruit,2791,423,00109006,0,1,1,4294967295,0,0
deliciousFruit,2791,448,002BC74E,0,1,1,4294967295,0,0
deliciousFruit,2795,478,002FAD46,0,1,1,4294967295,0,0
deliciousFruit,2799,504,0009476A,0,1,1,4294967295,0,0
deliciousFruit,2805,523,0034144A,0,1,1,4294967295,0,0
deliciousFruit,2813,536,001BA454,0,1,1,4294967295,0,0
deliciousFruit,2836,557,0017CC66,0,1,1,4294967295,0,0
deliciousFruit,2858,574,001DF8A1,0,1,1,4294967295,0,0
deliciousFruit,2871,583,0007B44A,0,1,1,4294967295,0,0
deliciousFruit,2882,588,001FFA95,0,1,1,4294967295,0,0
deliciousFruit,2893,593,00197746,0,1,1,4294967295,0,0
deliciousFruit,2904,599,002051EE,0,1,1,4294967295,0,0
deliciousFruit,2915,608,000A0853,0,1,1,4294967295,0,0
deliciousFruit,2926,614,0022E542,0,1,1,4294967295,0,0
deliciousFruit,2942,619,003BA3AF,0,1,1,4294967295,0,0
deliciousFruit,2957,624,0026AE61,0,1,1,4294967295,0,0
deliciousFruit,2969,628,001C44BC,0,1,1,4294967295,0,0
deliciousFruit,2980,634,003564BD,0,1,1,4294967295,0,0
deliciousFruit,2993,637,0015AC04,0,1,1,4294967295,0,0
deliciousFruit,3014,625,0027EB3D,0,1,1,4294967295,0,0
deliciousFruit,3040,605,00403CCD,0,1,1,4294967295,0,0
deliciousFruit,3058,587,003CEDA6,0,1,1,4294967295,0,0
deliciousFruit,3076,559,00226063,0,1,1,4294967295,0,0
deliciousFruit,3096,483,002F9528,0,1,1,4294967295,0,0
deliciousFruit,3098,449,0027A404,0,1,1,4294967295,0,0
deliciousFruit,3095,427,003E7792,0,1,1,4294967295,0,0
deliciousFruit,3086,403,001FDD88,0,1,1,4294967295,0,0
deliciousFruit,3076,389,0021E83C,0,1,1,4294967295,0,0
deliciousFruit,3065,373,0016596F,0,1,1,4294967295,0,0
deliciousFruit,3052,358,00009F5B,0,1,1,4294967295,0,0
deliciousFruit,3041,349,00297E3B,0,1,1,4294967295,0,0
deliciousFruit,3026,341,0013C527,0,1,1,4294967295,0,0
deliciousFruit,3012,336,002371BD,0,1,1,4294967295,0,0
deliciousFruit,2999,331,001226E3,0,1,1,4294967295,0,0
deliciousFruit,2988,326,003E1A8A,0,1,1,4294967295,0,0
deliciousFruit,2977,322,00084A13,0,1,1,4294967295,0,0
deliciousFruit,2966,316,003AA7D0,0,1,1,4294967295,0,0
deliciousFruit,2955,310,000B2DCB,0,1,1,4294967295,0,0
spikeUp,2306,1408,003BDA1D,0,1,1,4294967295,0,0
spikeUp,2306,1406,00385572,0,1,1,4294967295,0,0
spikeUp,2306,1404,000C49D8,0,1,1,4294967295,0,0
spikeUp,2306,1400,003B0BDB,0,1,1,4294967295,0,0
spikeUp,2306,1399,00286BC2,0,1,1,4294967295,0,0
spikeUp,2304,1393,0014EE22,0,1,1,4294967295,0,0
spikeUp,2303,1386,002C0827,0,1,1,4294967295,0,0
spikeUp,2302,1382,00367F90,0,1,1,4294967295,0,0
spikeUp,2301,1379,002BF6C7,0,1,1,4294967295,0,0
spikeUp,2301,1373,000C0F6F,0,1,1,4294967295,0,0
spikeUp,2299,1367,0028F3FB,0,1,1,4294967295,0,0
spikeUp,2299,1363,0017ADFD,0,1,1,4294967295,0,0
spikeUp,2298,1358,0035BC15,0,1,1,4294967295,0,0
spikeUp,2297,1354,001C359C,0,1,1,4294967295,0,0
spikeUp,2297,1350,0004D10B,0,1,1,4294967295,0,0
spikeUp,2297,1346,000607DA,0,1,1,4294967295,0,0
spikeUp,2297,1341,001245F1,0,1,1,4294967295,0,0
spikeUp,2297,1336,001F2446,0,1,1,4294967295,0,0
spikeUp,2297,1331,003454CE,0,1,1,4294967295,0,0
spikeUp,2297,1326,00338168,0,1,1,4294967295,0,0
spikeUp,2297,1322,000A401D,0,1,1,4294967295,0,0
spikeUp,2297,1317,003D29F5,0,1,1,4294967295,0,0
spikeUp,2297,1311,00275259,0,1,1,4294967295,0,0
spikeUp,2297,1305,0008B126,0,1,1,4294967295,0,0
spikeUp,2297,1301,002EE698,0,1,1,4294967295,0,0
spikeUp,2297,1298,000A3606,0,1,1,4294967295,0,0
spikeUp,2297,1293,002D35AD,0,1,1,4294967295,0,0
spikeUp,2297,1288,000ECD44,0,1,1,4294967295,0,0
spikeUp,2297,1284,000CF6AE,0,1,1,4294967295,0,0
spikeUp,2297,1277,0024099D,0,1,1,4294967295,0,0
spikeUp,2297,1271,000D61A7,0,1,1,4294967295,0,0
spikeUp,2297,1265,002B5E39,0,1,1,4294967295,0,0
spikeUp,2297,1263,000E90A2,0,1,1,4294967295,0,0
spikeUp,2296,1259,002DAA8A,0,1,1,4294967295,0,0
spikeUp,2296,1255,0008CE4B,0,1,1,4294967295,0,0
spikeUp,2296,1247,001F476D,0,1,1,4294967295,0,0
spikeUp,2296,1241,001E1951,0,1,1,4294967295,0,0
spikeUp,2294,1233,0022E0ED,0,1,1,4294967295,0,0
spikeUp,2294,1226,003F6B54,0,1,1,4294967295,0,0
spikeUp,2294,1221,00019B38,0,1,1,4294967295,0,0
spikeUp,2294,1215,003651EA,0,1,1,4294967295,0,0
spikeUp,2294,1211,0001291A,0,1,1,4294967295,0,0
spikeUp,2294,1206,000A05FB,0,1,1,4294967295,0,0
spikeUp,2293,1201,00006F68,0,1,1,4294967295,0,0
spikeUp,2293,1197,00138703,0,1,1,4294967295,0,0
spikeUp,2293,1193,001BB44D,0,1,1,4294967295,0,0
spikeUp,2293,1189,002AE92E,0,1,1,4294967295,0,0
spikeUp,2293,1184,00036006,0,1,1,4294967295,0,0
spikeUp,2292,1179,000F1C72,0,1,1,4294967295,0,0
spikeUp,2291,1175,003B61CC,0,1,1,4294967295,0,0
spikeUp,2291,1172,003BBE9A,0,1,1,4294967295,0,0
spikeUp,2291,1168,001BC777,0,1,1,4294967295,0,0
spikeUp,2290,1163,0039336E,0,1,1,4294967295,0,0
spikeUp,2290,1159,00006EE0,0,1,1,4294967295,0,0
spikeUp,2290,1153,00217C76,0,1,1,4294967295,0,0
spikeUp,2290,1147,003BF854,0,1,1,4294967295,0,0
spikeUp,2290,1143,001A1BC1,0,1,1,4294967295,0,0
spikeUp,2290,1141,00085187,0,1,1,4294967295,0,0
spikeUp,2290,1139,000F47BD,0,1,1,4294967295,0,0
spikeUp,2290,1137,00015C57,0,1,1,4294967295,0,0
spikeUp,2290,1132,0013A4D7,0,1,1,4294967295,0,0
spikeUp,2290,1128,00269FEB,0,1,1,4294967295,0,0
spikeUp,2290,1125,00388C44,0,1,1,4294967295,0,0
spikeUp,2290,1118,002E44B0,0,1,1,4294967295,0,0
spikeUp,2290,1107,002493B8,0,1,1,4294967295,0,0
spikeUp,2290,1095,001A0D3C,0,1,1,4294967295,0,0
spikeUp,2290,1085,002137BE,0,1,1,4294967295,0,0
spikeUp,2290,1074,00382B2D,0,1,1,4294967295,0,0
spikeUp,2290,1062,0029D2BB,0,1,1,4294967295,0,0
spikeUp,2290,1054,002DA07A,0,1,1,4294967295,0,0
objWarp,2984,1230,000DE348,0,1,1,4294967295,0,0
objWarp,2984,1229,002E9C41,0,1,1,4294967295,0,0
objWarp,2984,1226,000290CD,0,1,1,4294967295,0,0
objWarp,2984,1218,000732BD,0,1,1,4294967295,0,0
objWarp,2984,1216,001DF215,0,1,1,4294967295,0,0
objWarp,2984,1215,003E46AB,0,1,1,4294967295,0,0
objWarp,2984,1214,000ED59E,0,1,1,4294967295,0,0
objWarp,2984,1212,003B54A7,0,1,1,4294967295,0,0
objWarp,2983,1209,00322409,0,1,1,4294967295,0,0
objWarp,2982,1205,002DD434,0,1,1,4294967295,0,0
objWarp,2982,1204,000D5502,0,1,1,4294967295,0,0
objWarp,2980,1202,000232A2,0,1,1,4294967295,0,0
objWarp,2980,1200,000DF9FA,0,1,1,4294967295,0,0
objWarp,2980,1197,0000DA67,0,1,1,4294967295,0,0
objWarp,2980,1194,0033CEA2,0,1,1,4294967295,0,0
objWarp,2980,1191,000A7E13,0,1,1,4294967295,0,0
objWarp,2979,1186,003379CA,0,1,1,4294967295,0,0
objWarp,2979,1182,003A2F89,0,1,1,4294967295,0,0
objWarp,2979,1179,00241B44,0,1,1,4294967295,0,0
objWarp,2979,1177,0021E3BC,0,1,1,4294967295,0,0
objWarp,2979,1175,00047782,0,1,1,4294967295,0,0
objWarp,2978,1172,0006BA59,0,1,1,4294967295,0,0
objWarp,2978,1170,0039E7FC,0,1,1,4294967295,0,0
objWarp,2978,1168,000F623F,0,1,1,4294967295,0,0
objWarp,2977,1165,001015C1,0,1,1,4294967295,0,0
objWarp,2977,1162,00336A5D,0,1,1,4294967295,0,0
objWarp,2976,1158,00328D5C,0,1,1,4294967295,0,0
objWarp,2976,1155,003EBC4B,0,1,1,4294967295,0,0
objWarp,2976,1154,00322CC4,0,1,1,4294967295,0,0
objWarp,2976,1153,000D36B8,0,1,1,4294967295,0,0
objWarp,2976,1149,000B6E71,0,1,1,4294967295,0,0
objWarp,2977,1142,002DBA7B,0,1,1,4294967295,0,0
objWarp,2977,1141,000ADEC1,0,1,1,4294967295,0,0
objWarp,2978,1136,00338ED2,0,1,1,4294967295,0,0
objWarp,2978,1135,003AAF02,0,1,1,4294967295,0,0
objWarp,2978,1133,0024694C,0,1,1,4294967295,0,0
objWarp,2976,1130,001B7495,0,1,1,4294967295,0,0
objWarp,2975,1128,001BAF56,0,1,1,4294967295,0,0
objWarp,2975,1127,0038183D,0,1,1,4294967295,0,0
objWarp,2974,1126,00046850,0,1,1,4294967295,0,0
objWarp,2974,1124,0023B9E4,0,1,1,4294967295,0,0
objWarp,2973,1118,002AE578,0,1,1,4294967295,0,0
objWarp,2973,1117,002285B4,0,1,1,4294967295,0,0
objWarp,2971,1115,0017C3DF,0,1,1,4294967295,0,0
objWarp,2969,1114,0034EEBB,0,1,1,4294967295,0,0
spikeUp,2835,1457,00096B61,0,1,1,4294967295,0,1
spikeUp,2860,1459,0012CB4E,0,1,1,4294967295,0,1
spikeUp,2887,1453,000E1764,0,1,1,4294967295,0,1
spikeUp,2915,1426,00348AE3,0,1,1,4294967295,0,1
spikeUp,2912,1445,0030AF58,0,1,1,4294967295,0,1
spikeUp,2937,1433,00065470,0,1,1,4294967295,0,1
spikeUp,2816,1463,002F76A4,0,1,1,4294967295,0,1
spikeUp,2949,1385,002068E4,0,1,1,4294967295,0,1
spikeUp,2964,1421,0038CA26,0,1,1,4294967295,0,1
tActiver,127,1931,00182A99,0,1,1,4294967295,0,0
tActiver,135,1931,0012E138,0,1,1,4294967295,0,0
tActiver,145,1932,00325CBC,0,1,1,4294967295,0,0
tActiver,153,1934,0006FB73,0,1,1,4294967295,0,0
tActiver,194,1949,000E4C80,0,1,1,4294967295,0,0
tActiver,202,1950,0001012D,0,1,1,4294967295,0,0
tActiver,211,1953,00114C1B,0,1,1,4294967295,0,0
tActiver,222,1956,0003E135,0,1,1,4294967295,0,0
tActiver,231,1955,0014654F,0,1,1,4294967295,0,0
tActiver,239,1955,0030D429,0,1,1,4294967295,0,0
tActiver,247,1956,00122355,0,1,1,4294967295,0,0
tActiver,255,1956,00141D01,0,1,1,4294967295,0,0
tActiver,256,1955,0007FB19,0,1,1,4294967295,0,0
tActiver,259,1953,0023C7A7,0,1,1,4294967295,0,0
tActiver,261,1952,0012AD75,0,1,1,4294967295,0,0
tActiver,265,1950,0021880E,0,1,1,4294967295,0,0
tActiver,266,1949,00101F08,0,1,1,4294967295,0,0
tActiver,269,1947,00369B09,0,1,1,4294967295,0,0
tActiver,272,1946,0011ED1D,0,1,1,4294967295,0,0
tActiver,275,1945,000D8EFE,0,1,1,4294967295,0,0
tActiver,278,1944,0004DA31,0,1,1,4294967295,0,0
tActiver,282,1943,0004059F,0,1,1,4294967295,0,0
tActiver,284,1942,00325E12,0,1,1,4294967295,0,0
tActiver,317,1941,00390456,0,1,1,4294967295,0,0
tActiver,333,1944,00403DBD,0,1,1,4294967295,0,0
tActiver,341,1945,001359E4,0,1,1,4294967295,0,0
tActiver,350,1947,00251E3B,0,1,1,4294967295,0,0
tActiver,359,1947,00199731,0,1,1,4294967295,0,0
tActiver,368,1947,003C0EC0,0,1,1,4294967295,0,0
tActiver,378,1946,000E99D7,0,1,1,4294967295,0,0
tActiver,193,1944,000F4C6B,0,1,1,4294967295,0,0
tActiver,192,1944,002DDBE3,0,1,1,4294967295,0,0
tActiver,188,1944,0038E51B,0,1,1,4294967295,0,0
tActiver,184,1944,001A5974,0,1,1,4294967295,0,0
tActiver,182,1944,00056378,0,1,1,4294967295,0,0
tActiver,181,1944,0022E5ED,0,1,1,4294967295,0,0
tActiver,180,1944,002F546C,0,1,1,4294967295,0,0
tActiver,177,1943,002CB538,0,1,1,4294967295,0,0
tActiver,175,1942,000DBC07,0,1,1,4294967295,0,0
tActiver,174,1941,001E32E9,0,1,1,4294967295,0,0
tActiver,173,1941,0026B3DC,0,1,1,4294967295,0,0
tActiver,172,1941,00196290,0,1,1,4294967295,0,0
tActiver,171,1940,0028A48C,0,1,1,4294967295,0,0
tActiver,167,1940,00214724,0,1,1,4294967295,0,0
tActiver,320,1947,001672E3,0,1,1,4294967295,0,0
tActiver,318,1948,001595F5,0,1,1,4294967295,0,0
tActiver,317,1948,002CD8B2,0,1,1,4294967295,0,0
tActiver,316,1948,0014D50C,0,1,1,4294967295,0,0
tActiver,310,1948,0009C81A,0,1,1,4294967295,0,0
tActiver,306,1947,0004DE22,0,1,1,4294967295,0,0
tActiver,304,1947,00180A25,0,1,1,4294967295,0,0
tActiver,303,1947,0015FE58,0,1,1,4294967295,0,0
tActiver,301,1947,000C327A,0,1,1,4294967295,0,0
tActiver,297,1947,0034E87B,0,1,1,4294967295,0,0
tActiver,295,1946,000190BD,0,1,1,4294967295,0,0
tActiver,294,1946,002FC055,0,1,1,4294967295,0,0
tActiver,293,1944,00362E8A,0,1,1,4294967295,0,0
tActiver,292,1944,00377C27,0,1,1,4294967295,0,0
tActiver,328,1946,002ED03A,0,1,1,4294967295,0,0
tActiver,163,1939,003C5CC7,0,1,1,4294967295,0,0
tActiver,591,2103,00002C60,0,1,1,4294967295,0,0
tActiver,589,2107,002271E5,0,1,1,4294967295,0,0
tActiver,588,2111,0016FDFF,0,1,1,4294967295,0,0
tActiver,587,2111,003A1364,0,1,1,4294967295,0,0
tActiver,589,2109,00166061,0,1,1,4294967295,0,0
tActiver,591,2105,0003FB3D,0,1,1,4294967295,0,0
tActiver,591,2102,00399CBF,0,1,1,4294967295,0,0
tActiver,591,2101,002D2B6D,0,1,1,4294967295,0,0
tActiver,590,2099,002D2EA1,0,1,1,4294967295,0,0
tActiver,590,2098,00312D15,0,1,1,4294967295,0,0
tActiver,590,2097,002F5346,0,1,1,4294967295,0,0
tActiver,589,2097,003B0CE4,0,1,1,4294967295,0,0
tActiver,589,2096,003569AA,0,1,1,4294967295,0,0
tActiver,587,2095,001F39F4,0,1,1,4294967295,0,0
tActiver,586,2095,003C3C28,0,1,1,4294967295,0,0
tActiver,581,2095,00388CC1,0,1,1,4294967295,0,0
tActiver,579,2096,0011F68D,0,1,1,4294967295,0,0
tActiver,577,2099,000F21FA,0,1,1,4294967295,0,0
tActiver,575,2105,002BBEEA,0,1,1,4294967295,0,0
tActiver,577,2113,0038268A,0,1,1,4294967295,0,0
tActiver,580,2125,00085160,0,1,1,4294967295,0,0
tActiver,578,2125,0018C4B9,0,1,1,4294967295,0,0
tActiver,577,2125,001A1FD3,0,1,1,4294967295,0,0
tActiver,576,2125,00310420,0,1,1,4294967295,0,0
tActiver,575,2125,00310426,0,1,1,4294967295,0,0
tActiver,574,2125,003C67C4,0,1,1,4294967295,0,0
tActiver,573,2125,00175700,0,1,1,4294967295,0,0
tActiver,572,2129,002B6A47,0,1,1,4294967295,0,0
tActiver,571,2134,000048B6,0,1,1,4294967295,0,0
tActiver,579,2140,002C3CE6,0,1,1,4294967295,0,0
tActiver,587,2140,0023DBD6,0,1,1,4294967295,0,0
tActiver,587,2139,002CAD4B,0,1,1,4294967295,0,0
tActiver,588,2138,00103EBA,0,1,1,4294967295,0,0
tActiver,588,2137,001251EA,0,1,1,4294967295,0,0
tActiver,605,2117,0015E62B,0,1,1,4294967295,0,0
tActiver,613,2121,002E01C3,0,1,1,4294967295,0,0
tActiver,612,2122,001CF33F,0,1,1,4294967295,0,0
tActiver,610,2122,002379ED,0,1,1,4294967295,0,0
tActiver,609,2122,0006D74C,0,1,1,4294967295,0,0
tActiver,607,2122,003947AE,0,1,1,4294967295,0,0
tActiver,606,2122,0000D145,0,1,1,4294967295,0,0
tActiver,604,2123,00237640,0,1,1,4294967295,0,0
tActiver,603,2124,00369910,0,1,1,4294967295,0,0
tActiver,599,2119,00162902,0,1,1,4294967295,0,0
tActiver,595,2104,000461A6,0,1,1,4294967295,0,0
tActiver,594,2102,000EB6BE,0,1,1,4294967295,0,0
tActiver,591,2098,0023AA26,0,1,1,4294967295,0,0
tActiver,589,2098,0004343D,0,1,1,4294967295,0,0
tActiver,589,2097,0027F6C5,0,1,1,4294967295,0,0
tActiver,588,2097,002ABF10,0,1,1,4294967295,0,0
tActiver,586,2097,002A8C6A,0,1,1,4294967295,0,0
tActiver,585,2098,000A3259,0,1,1,4294967295,0,0
tActiver,582,2099,00202FA9,0,1,1,4294967295,0,0
tActiver,581,2102,000FB6DA,0,1,1,4294967295,0,0
tActiver,579,2104,00054712,0,1,1,4294967295,0,0
tActiver,579,2112,00385BAA,0,1,1,4294967295,0,0
tActiver,569,2137,000C5A63,0,1,1,4294967295,0,0
tActiver,569,2136,0011EFE7,0,1,1,4294967295,0,0
tActiver,569,2132,0020A23D,0,1,1,4294967295,0,0
tActiver,569,2121,00065E32,0,1,1,4294967295,0,0
tActiver,569,2117,003BD9B1,0,1,1,4294967295,0,0
tActiver,570,2114,003901C2,0,1,1,4294967295,0,0
tActiver,570,2110,003FF1A0,0,1,1,4294967295,0,0
tActiver,578,2110,000BD3DF,0,1,1,4294967295,0,0
tActiver,586,2111,0029B995,0,1,1,4294967295,0,0
tActiver,604,2136,000B21FB,0,1,1,4294967295,0,0
tActiver,607,2145,00038979,0,1,1,4294967295,0,0
tActiver,602,2148,00177C6F,0,1,1,4294967295,0,0
tActiver,594,2150,0029545B,0,1,1,4294967295,0,0
tActiver,593,2150,0000A578,0,1,1,4294967295,0,0
tActiver,587,2151,002F9A12,0,1,1,4294967295,0,0
tActiver,581,2151,00075972,0,1,1,4294967295,0,0
tActiver,576,2151,00049F25,0,1,1,4294967295,0,0
tActiver,575,2152,003DC7A3,0,1,1,4294967295,0,0
tActiver,574,2152,001D5473,0,1,1,4294967295,0,0
tActiver,573,2152,0008F0FA,0,1,1,4294967295,0,0
tActiver,571,2150,002960D7,0,1,1,4294967295,0,0
tActiver,570,2150,0009948D,0,1,1,4294967295,0,0
tActiver,569,2148,001F2425,0,1,1,4294967295,0,0
tActiver,568,2148,003CB14D,0,1,1,4294967295,0,0
tActiver,568,2147,000655F7,0,1,1,4294967295,0,0
tActiver,567,2146,000736CE,0,1,1,4294967295,0,0
tActiver,563,2143,001D41D2,0,1,1,4294967295,0,0
tActiver,562,2141,0007C9AD,0,1,1,4294967295,0,0
tActiver,560,2140,00167F4B,0,1,1,4294967295,0,0
tActiver,556,2131,003CE74D,0,1,1,4294967295,0,0
tActiver,556,2130,000FEA92,0,1,1,4294967295,0,0
tActiver,554,2129,0032F2AF,0,1,1,4294967295,0,0
tActiver,554,2128,00193C65,0,1,1,4294967295,0,0
tActiver,553,2125,00125E76,0,1,1,4294967295,0,0
tActiver,552,2121,0003A3AA,0,1,1,4294967295,0,0
tActiver,571,2094,0038A7F8,0,1,1,4294967295,0,0
tActiver,601,2098,001593D3,0,1,1,4294967295,0,0
tActiver,588,2116,0039B880,0,1,1,4294967295,0,0
tActiver,563,2119,00271907,0,1,1,4294967295,0,0
tActiver,2960,1404,00082A34,0,1,1,4294967295,0,0
tActiver,2967,1412,000B11DA,0,1,1,4294967295,0,0
tActiver,2971,1420,003ECFC7,0,1,1,4294967295,0,0
tActiver,2971,1428,0030D024,0,1,1,4294967295,0,0
tActiver,2970,1434,00015577,0,1,1,4294967295,0,0
tActiver,2965,1440,0009298D,0,1,1,4294967295,0,0
tActiver,2962,1446,00196044,0,1,1,4294967295,0,0
tActiver,2961,1447,003E0FA7,0,1,1,4294967295,0,0
tActiver,2960,1448,00054144,0,1,1,4294967295,0,0
tActiver,2954,1455,003390A5,0,1,1,4294967295,0,0
tActiver,2951,1455,001EAA8E,0,1,1,4294967295,0,0
tActiver,2945,1453,00168C58,0,1,1,4294967295,0,0
tActiver,2941,1444,00095FA0,0,1,1,4294967295,0,0
tActiver,2939,1437,0009D8DF,0,1,1,4294967295,0,0
tActiver,2937,1436,00065ED4,0,1,1,4294967295,0,0
tActiver,2932,1438,00177E4B,0,1,1,4294967295,0,0
tActiver,2930,1443,0025D816,0,1,1,4294967295,0,0
tActiver,2928,1451,001CCEBE,0,1,1,4294967295,0,0
tActiver,2927,1457,00092F74,0,1,1,4294967295,0,0
tActiver,2926,1460,0010FBC0,0,1,1,4294967295,0,0
tActiver,2925,1462,002A2AFB,0,1,1,4294967295,0,0
tActiver,2922,1463,0021DB29,0,1,1,4294967295,0,0
tActiver,2912,1468,0027A579,0,1,1,4294967295,0,0
tActiver,2904,1471,00393768,0,1,1,4294967295,0,0
tActiver,2897,1474,0014A1A1,0,1,1,4294967295,0,0
tActiver,2890,1477,0032FF48,0,1,1,4294967295,0,0
tActiver,2884,1478,003F2B14,0,1,1,4294967295,0,0
tActiver,2877,1479,00201409,0,1,1,4294967295,0,0
tActiver,2871,1480,00160D84,0,1,1,4294967295,0,0
tActiver,2863,1480,000CA2EE,0,1,1,4294967295,0,0
tActiver,2858,1480,001F666C,0,1,1,4294967295,0,0
tActiver,2852,1480,002716C4,0,1,1,4294967295,0,0
tActiver,2850,1481,001CD0DA,0,1,1,4294967295,0,0
tActiver,2846,1481,0034949E,0,1,1,4294967295,0,0
tActiver,2838,1485,00237784,0,1,1,4294967295,0,0
tActiver,2831,1486,00069FA7,0,1,1,4294967295,0,0
tActiver,2827,1486,0033A342,0,1,1,4294967295,0,0
block,0,2144,003BDEF0,0,1,1,4294967295,0,0
block,0,2176,001FA951,0,1,1,4294967295,0,0
block,0,2208,0005B466,0,1,1,4294967295,0,0
block,0,2240,000D3B05,0,1,1,4294967295,0,0
block,0,2272,002933C1,0,1,1,4294967295,0,0
block,0,2304,000A6120,0,1,1,4294967295,0,0
block,32,2304,000DF820,0,1,1,4294967295,0,0
block,64,2304,002A9042,0,1,1,4294967295,0,0
block,96,2304,001D6D2C,0,1,1,4294967295,0,0
block,128,2304,0010B890,0,1,1,4294967295,0,0
block,160,2304,001EBAAE,0,1,1,4294967295,0,0
block,160,2272,0011AA0D,0,1,1,4294967295,0,0
block,160,2240,001B45C3,0,1,1,4294967295,0,0
block,160,2208,0019C57A,0,1,1,4294967295,0,0
block,192,2208,002BF2D5,0,1,1,4294967295,0,0
block,192,2176,002749B0,0,1,1,4294967295,0,0
block,224,2176,002985AD,0,1,1,4294967295,0,0
block,256,2176,000D0B84,0,1,1,4294967295,0,0
block,288,2176,0008D55D,0,1,1,4294967295,0,0
block,288,2208,003EBB0A,0,1,1,4294967295,0,0
block,288,2240,0015D56D,0,1,1,4294967295,0,0
block,288,2272,003E6776,0,1,1,4294967295,0,0
block,288,2304,000DCD32,0,1,1,4294967295,0,0
block,320,2304,00109402,0,1,1,4294967295,0,0
block,352,2304,0030B683,0,1,1,4294967295,0,0
block,352,2272,00307007,0,1,1,4294967295,0,0
block,352,2240,00364E20,0,1,1,4294967295,0,0
block,352,2208,0011AF43,0,1,1,4294967295,0,0
block,352,2176,00267157,0,1,1,4294967295,0,0
block,384,2176,003559C7,0,1,1,4294967295,0,0
block,416,2176,0008183F,0,1,1,4294967295,0,0
block,416,2208,0032A1C8,0,1,1,4294967295,0,0
block,448,2208,0030B111,0,1,1,4294967295,0,0
block,448,2240,003B02B1,0,1,1,4294967295,0,0
block,480,2240,0023E5CF,0,1,1,4294967295,0,0
block,480,2272,0026B4FE,0,1,1,4294967295,0,0
block,512,2272,0022CAC9,0,1,1,4294967295,0,0
block,544,2272,002A0F3B,0,1,1,4294967295,0,0
block,576,2272,00288F04,0,1,1,4294967295,0,0
block,0,2016,001C2F4B,0,1,1,4294967295,0,0
block,32,2016,002BFD24,0,1,1,4294967295,0,0
block,64,2016,0009148F,0,1,1,4294967295,0,0
block,96,2016,002FC1A1,0,1,1,4294967295,0,0
block,128,2016,001EEF87,0,1,1,4294967295,0,0
block,160,2016,0033302E,0,1,1,4294967295,0,0
block,160,2048,00271AF4,0,1,1,4294967295,0,0
block,192,2016,002CEC51,0,1,1,4294967295,0,0
block,224,2016,0032A53A,0,1,1,4294967295,0,0
block,256,2016,0005B072,0,1,1,4294967295,0,0
block,288,2016,001F273F,0,1,1,4294967295,0,0
block,320,2016,00109510,0,1,1,4294967295,0,0
block,352,2016,003EA51B,0,1,1,4294967295,0,0
block,384,2016,001FA58F,0,1,1,4294967295,0,0
block,416,2016,001B9671,0,1,1,4294967295,0,0
block,448,2016,001E7838,0,1,1,4294967295,0,0
block,448,2048,0036D1B3,0,1,1,4294967295,0,0
block,480,2048,002201B9,0,1,1,4294967295,0,0
block,512,2048,00077A47,0,1,1,4294967295,0,0
block,2299,1433,0034089F,0,1,1,4294967295,0,0
block,2296,1433,003C4ACE,0,1,1,4294967295,0,0
block,2286,1433,0022AFA7,0,1,1,4294967295,0,0
block,2269,1433,0034E5AA,0,1,1,4294967295,0,0
block,2254,1435,00109F1A,0,1,1,4294967295,0,0
block,2242,1435,00001906,0,1,1,4294967295,0,0
block,2235,1435,0008A2C3,0,1,1,4294967295,0,0
block,2226,1434,000752C0,0,1,1,4294967295,0,0
block,2218,1434,003DECB6,0,1,1,4294967295,0,0
block,2210,1434,0005C081,0,1,1,4294967295,0,0
block,2205,1434,003E7555,0,1,1,4294967295,0,0
block,2196,1434,000B2B21,0,1,1,4294967295,0,0
block,2189,1434,0003B108,0,1,1,4294967295,0,0
block,2181,1434,002B9901,0,1,1,4294967295,0,0
block,2171,1434,000E7B3A,0,1,1,4294967295,0,0
block,2163,1434,002544D7,0,1,1,4294967295,0,0
block,2151,1434,002E61B3,0,1,1,4294967295,0,0
block,2139,1434,003937B7,0,1,1,4294967295,0,0
block,2126,1435,001674E6,0,1,1,4294967295,0,0
block,2112,1437,0024578E,0,1,1,4294967295,0,0
block,2096,1439,002C1127,0,1,1,4294967295,0,0
block,2082,1442,003C71FB,0,1,1,4294967295,0,0
block,2070,1443,00000BA7,0,1,1,4294967295,0,0
block,2055,1443,00046ACB,0,1,1,4294967295,0,0
block,2040,1445,002A7A24,0,1,1,4294967295,0,0
block,2025,1445,000F401E,0,1,1,4294967295,0,0
block,2015,1445,000EA44C,0,1,1,4294967295,0,0
block,1997,1444,0007644F,0,1,1,4294967295,0,0
block,1984,1444,001C26F6,0,1,1,4294967295,0,0
block,1969,1443,0033EDFB,0,1,1,4294967295,0,0
block,1962,1443,00125A24,0,1,1,4294967295,0,0
block,1952,1442,001518BA,0,1,1,4294967295,0,0
block,1945,1441,0028BDB3,0,1,1,4294967295,0,0
block,1937,1441,003E605C,0,1,1,4294967295,0,0
block,1929,1441,002C10A2,0,1,1,4294967295,0,0
block,1920,1441,0027D794,0,1,1,4294967295,0,0
block,1911,1440,0014B565,0,1,1,4294967295,0,0
block,1905,1439,001B5CFB,0,1,1,4294967295,0,0
block,1904,1439,0015EDB7,0,1,1,4294967295,0,0
block,2264,1656,00169248,0,1,1,4294967295,0,0
block,2254,1664,00021C06,0,1,1,4294967295,0,0
block,2228,1661,000C30A6,0,1,1,4294967295,0,0
block,2211,1659,003AE896,0,1,1,4294967295,0,0
block,2203,1659,00212B99,0,1,1,4294967295,0,0
block,2195,1659,0036D516,0,1,1,4294967295,0,0
block,2185,1659,00027318,0,1,1,4294967295,0,0
block,2177,1659,002F7C4B,0,1,1,4294967295,0,0
block,2167,1659,002FA394,0,1,1,4294967295,0,0
block,2153,1659,0027975E,0,1,1,4294967295,0,0
block,2141,1659,0018D8B2,0,1,1,4294967295,0,0
block,2133,1660,0038D301,0,1,1,4294967295,0,0
block,2123,1661,0009A88F,0,1,1,4294967295,0,0
block,2107,1663,001A5E99,0,1,1,4294967295,0,0
block,2092,1663,0031E0F9,0,1,1,4294967295,0,0
block,2074,1665,0012EEFB,0,1,1,4294967295,0,0
block,2054,1668,00191306,0,1,1,4294967295,0,0
block,2033,1670,00399250,0,1,1,4294967295,0,0
block,2014,1670,0018E672,0,1,1,4294967295,0,0
block,1991,1670,000272EB,0,1,1,4294967295,0,0
block,1975,1671,00175F19,0,1,1,4294967295,0,0
block,1963,1671,000A2B1E,0,1,1,4294967295,0,0
block,1952,1671,00107863,0,1,1,4294967295,0,0
block,1941,1671,000460B2,0,1,1,4294967295,0,0
block,1934,1670,001E1F61,0,1,1,4294967295,0,0
block,1928,1670,0005CB09,0,1,1,4294967295,0,0
block,1921,1670,0007030C,0,1,1,4294967295,0,0
block,1914,1669,00060EC8,0,1,1,4294967295,0,0
block,1906,1668,0018F183,0,1,1,4294967295,0,0
block,1901,1667,0021F84F,0,1,1,4294967295,0,0
block,1893,1666,003FE73C,0,1,1,4294967295,0,0
block,1536,1728,001B2B75,0,1,1,4294967295,0,0
block,1568,1728,002ED6B4,0,1,1,4294967295,0,0
block,1600,1728,0028EF7B,0,1,1,4294967295,0,0
block,1632,1728,000833E0,0,1,1,4294967295,0,0
block,1664,1728,00384660,0,1,1,4294967295,0,0
block,1696,1728,00039218,0,1,1,4294967295,0,0
block,1696,1696,001103D2,0,1,1,4294967295,0,0
block,1696,1664,00285ACC,0,1,1,4294967295,0,0
block,1696,1632,0009897F,0,1,1,4294967295,0,0
block,1696,1600,0007A277,0,1,1,4294967295,0,0
block,1728,1600,0011455B,0,1,1,4294967295,0,0
block,1728,1568,0003C67B,0,1,1,4294967295,0,0
block,1728,1536,000DEBF3,0,1,1,4294967295,0,0
block,1760,1536,00148886,0,1,1,4294967295,0,0
block,1792,1536,0001EDE9,0,1,1,4294967295,0,0
block,1824,1536,003D678F,0,1,1,4294967295,0,0
block,1856,1536,0029A152,0,1,1,4294967295,0,0
block,1856,1568,002DC11C,0,1,1,4294967295,0,0
block,1856,1600,0029F561,0,1,1,4294967295,0,0
block,1856,1632,00304DD2,0,1,1,4294967295,0,0
block,1856,1664,003BD7A9,0,1,1,4294967295,0,0
block,1856,1696,0005AEEB,0,1,1,4294967295,0,0
block,1856,1728,0025163F,0,1,1,4294967295,0,0
block,1856,1760,003268A5,0,1,1,4294967295,0,0
block,1856,1792,000BC95E,0,1,1,4294967295,0,0
block,1824,1792,003CC175,0,1,1,4294967295,0,0
block,1824,1824,002603EC,0,1,1,4294967295,0,0
block,1792,1824,0012E3EE,0,1,1,4294967295,0,0
block,1792,1856,0035FCC9,0,1,1,4294967295,0,0
block,1760,1856,0017FB11,0,1,1,4294967295,0,0
block,1728,1856,001ED958,0,1,1,4294967295,0,0
block,1728,1824,00262E01,0,1,1,4294967295,0,0
block,1696,1824,000C2C65,0,1,1,4294967295,0,0
block,1664,1824,000B2919,0,1,1,4294967295,0,0
block,1632,1824,0032867A,0,1,1,4294967295,0,0
block,1600,1824,003572B5,0,1,1,4294967295,0,0
block,1600,1792,00378DD0,0,1,1,4294967295,0,0
block,1568,1792,002FE097,0,1,1,4294967295,0,0
block,1536,1792,001BA47A,0,1,1,4294967295,0,0
block,1536,1760,0000A767,0,1,1,4294967295,0,0
block,2368,1600,00295DC9,0,1,1,4294967295,0,0
block,2400,1600,00225A17,0,1,1,4294967295,0,0
block,2432,1600,000A7C4F,0,1,1,4294967295,0,0
block,2464,1568,000CBBF5,0,1,1,4294967295,0,0
block,2496,1568,000B8110,0,1,1,4294967295,0,0
block,2592,1536,0006E83F,0,1,1,4294967295,0,0
block,2656,1504,0005F45D,0,1,1,4294967295,0,0
block,2752,1440,0005E85A,0,1,1,4294967295,0,0
block,2848,1376,002058C3,0,1,1,4294967295,0,0
block,2912,1312,000809E5,0,1,1,4294967295,0,0
block,2944,1280,00310CE9,0,1,1,4294967295,0,0
block,2976,1280,001716AC,0,1,1,4294967295,0,0
block,2528,1568,001B9EFA,0,1,1,4294967295,0,0
block,2560,1568,003234B2,0,1,1,4294967295,0,0
block,2464,1600,0021E2AC,0,1,1,4294967295,0,0
block,2624,1536,001BB833,0,1,1,4294967295,0,0
block,2592,1568,000D137B,0,1,1,4294967295,0,0
block,2656,1536,001FBA54,0,1,1,4294967295,0,0
block,2688,1504,000C4AD4,0,1,1,4294967295,0,0
block,2720,1504,002AEB91,0,1,1,4294967295,0,0
block,2752,1504,0000C803,0,1,1,4294967295,0,0
block,2752,1472,0039C171,0,1,1,4294967295,0,0
block,2784,1440,000AE601,0,1,1,4294967295,0,0
block,2816,1440,00043386,0,1,1,4294967295,0,0
block,2816,1408,000DF7D3,0,1,1,4294967295,0,0
block,2848,1408,001C5D4C,0,1,1,4294967295,0,0
block,2880,1376,002899D9,0,1,1,4294967295,0,0
block,2912,1376,003BF106,0,1,1,4294967295,0,0
block,2912,1344,001A9B49,0,1,1,4294967295,0,0
block,2944,1312,00075C11,0,1,1,4294967295,0,0
block,2976,1248,00183F62,0,1,1,4294967295,0,0
block,3008,1248,000CEF6F,0,1,1,4294967295,0,0
block,3008,1216,002BA866,0,1,1,4294967295,0,0
block,3008,1184,0008DBD1,0,1,1,4294967295,0,0
block,3008,1152,001B331D,0,1,1,4294967295,0,0
block,3008,1120,00133AE4,0,1,1,4294967295,0,0
block,3008,1088,0027C569,0,1,1,4294967295,0,0
block,2976,1088,00284D7C,0,1,1,4294967295,0,0
block,2944,1088,00227B88,0,1,1,4294967295,0,0
block,2912,1088,0030615B,0,1,1,4294967295,0,0
block,2880,1088,00048247,0,1,1,4294967295,0,0
block,2880,1056,00234CFA,0,1,1,4294967295,0,0
block,2848,1056,000CBD2D,0,1,1,4294967295,0,0
block,2816,1056,003CA33A,0,1,1,4294967295,0,0
block,2816,1088,0024D908,0,1,1,4294967295,0,0
block,2784,1088,0020DC0E,0,1,1,4294967295,0,0
block,2784,1056,002F1244,0,1,1,4294967295,0,0
block,2752,1056,002C580D,0,1,1,4294967295,0,0
block,2720,1056,003E1917,0,1,1,4294967295,0,0
block,2720,1088,000B6C41,0,1,1,4294967295,0,0
block,2688,1088,00258734,0,1,1,4294967295,0,0
block,2656,1088,00251114,0,1,1,4294967295,0,0
block,2624,1088,002E0D15,0,1,1,4294967295,0,0
block,2624,1056,0017880F,0,1,1,4294967295,0,0
block,2592,1056,003F0F79,0,1,1,4294967295,0,0
block,2560,1056,000CF6A8,0,1,1,4294967295,0,0
block,2560,1088,0036843D,0,1,1,4294967295,0,0
block,2528,1088,000763BF,0,1,1,4294967295,0,0
block,2496,1088,001DEC86,0,1,1,4294967295,0,0
block,2496,1056,00312CCC,0,1,1,4294967295,0,0
block,2464,1056,0024B7D6,0,1,1,4294967295,0,0
block,2432,1056,001191B2,0,1,1,4294967295,0,0
block,2432,1088,00019CB8,0,1,1,4294967295,0,0
block,2400,1088,002B12D6,0,1,1,4294967295,0,0
block,2368,1088,003EBAFD,0,1,1,4294967295,0,0
block,2336,1088,001A2798,0,1,1,4294967295,0,0
block,2304,1088,003446E2,0,1,1,4294967295,0,0
block,2272,1088,0003D39B,0,1,1,4294967295,0,0
block,2240,1088,0019A57F,0,1,1,4294967295,0,0
block,2208,1088,00046C8B,0,1,1,4294967295,0,0
block,2176,1088,002C6150,0,1,1,4294967295,0,0
block,2144,1088,001D66C7,0,1,1,4294967295,0,0
block,2112,1088,0014C1B9,0,1,1,4294967295,0,0
block,2112,1056,002F068F,0,1,1,4294967295,0,0
block,2080,1056,000483E7,0,1,1,4294967295,0,0
block,2048,1056,003C695B,0,1,1,4294967295,0,0
block,2016,1056,003AE3E5,0,1,1,4294967295,0,0
block,2016,1088,003B911F,0,1,1,4294967295,0,0
block,1984,1088,0033D75D,0,1,1,4294967295,0,0
block,1984,1056,0020829F,0,1,1,4294967295,0,0
block,1952,1056,0024F03C,0,1,1,4294967295,0,0
block,1952,1024,00190956,0,1,1,4294967295,0,0
block,1952,992,0006AFAF,0,1,1,4294967295,0,0
block,1952,960,0024A1D7,0,1,1,4294967295,0,0
block,1952,928,0004BB99,0,1,1,4294967295,0,0
block,1952,896,00106F01,0,1,1,4294967295,0,0
block,1952,864,002C4434,0,1,1,4294967295,0,0
block,1952,832,00302B3C,0,1,1,4294967295,0,0
block,1952,800,000C27F5,0,1,1,4294967295,0,0
block,1952,768,0026F7A2,0,1,1,4294967295,0,0
block,1952,736,002E4B80,0,1,1,4294967295,0,0
block,1952,704,00178EB6,0,1,1,4294967295,0,0
block,1952,672,0039C217,0,1,1,4294967295,0,0
block,1952,640,003A6107,0,1,1,4294967295,0,0
block,1984,640,000BC485,0,1,1,4294967295,0,0
block,2016,640,0015CA58,0,1,1,4294967295,0,0
block,2048,640,00216AE3,0,1,1,4294967295,0,0
block,2112,640,00097DD3,0,1,1,4294967295,0,0
block,2144,640,002F7AFB,0,1,1,4294967295,0,0
block,2176,640,00186CAC,0,1,1,4294967295,0,0
block,2208,640,00199E52,0,1,1,4294967295,0,0
block,2240,640,002D1E14,0,1,1,4294967295,0,0
block,2272,640,00119F9B,0,1,1,4294967295,0,0
block,2304,640,002BA838,0,1,1,4294967295,0,0
block,2336,640,00001AC8,0,1,1,4294967295,0,0
block,2080,640,000FEE36,0,1,1,4294967295,0,0
block,2368,640,0028A139,0,1,1,4294967295,0,0
block,2400,640,001F5907,0,1,1,4294967295,0,0
block,2432,640,0021FAE9,0,1,1,4294967295,0,0
block,2464,640,00104AB7,0,1,1,4294967295,0,0
block,2496,640,00105C77,0,1,1,4294967295,0,0
block,2528,640,0011DA7E,0,1,1,4294967295,0,0
block,2560,640,0019990F,0,1,1,4294967295,0,0
block,2592,640,00369382,0,1,1,4294967295,0,0
block,2624,640,002EBFE0,0,1,1,4294967295,0,0
block,2656,640,0019B217,0,1,1,4294967295,0,0
block,2688,640,000E2ABC,0,1,1,4294967295,0,0
block,2720,640,00080C98,0,1,1,4294967295,0,0
block,2752,640,001D65B3,0,1,1,4294967295,0,0
block,2784,640,001A3A09,0,1,1,4294967295,0,0
block,2816,640,0007473E,0,1,1,4294967295,0,0
block,2848,640,0009F0C2,0,1,1,4294967295,0,0
block,2880,640,003E462F,0,1,1,4294967295,0,0
block,2912,640,001EB1DB,0,1,1,4294967295,0,0
block,2944,640,001E75F4,0,1,1,4294967295,0,0
block,2976,640,001243B0,0,1,1,4294967295,0,0
block,3008,640,00236F47,0,1,1,4294967295,0,0
block,3040,640,00257E8D,0,1,1,4294967295,0,0
block,3072,640,00242FD4,0,1,1,4294967295,0,0
block,3104,640,001FC5D0,0,1,1,4294967295,0,0
block,3136,640,000FC0AE,0,1,1,4294967295,0,0
block,3168,640,00176BDA,0,1,1,4294967295,0,0
block,2368,1632,0020E650,0,1,1,4294967295,0,0
block,2368,1664,00382198,0,1,1,4294967295,0,0
block,2368,1696,00199400,0,1,1,4294967295,0,0
block,2368,1760,0036428B,0,1,1,4294967295,0,0
block,2368,1792,00275766,0,1,1,4294967295,0,0
block,2368,1824,00203E91,0,1,1,4294967295,0,0
block,2368,1856,0011CFF5,0,1,1,4294967295,0,0
block,2368,1888,001B949D,0,1,1,4294967295,0,0
block,2368,1728,00400DC3,0,1,1,4294967295,0,0
block,2368,1920,0013002D,0,1,1,4294967295,0,0
block,2368,1952,001E5399,0,1,1,4294967295,0,0
block,2368,1984,003722BF,0,1,1,4294967295,0,0
block,2368,2016,0004975E,0,1,1,4294967295,0,0
block,2368,2048,0026DC8A,0,1,1,4294967295,0,0
block,2368,2080,00047AE4,0,1,1,4294967295,0,0
block,2368,2112,000164A3,0,1,1,4294967295,0,0
block,2368,2144,0013DBB6,0,1,1,4294967295,0,0
block,2368,2176,0027446E,0,1,1,4294967295,0,0
block,2368,2208,003629CA,0,1,1,4294967295,0,0
block,2368,2240,00355F89,0,1,1,4294967295,0,0
block,2368,2272,0010A62E,0,1,1,4294967295,0,0
block,2368,2304,0035395B,0,1,1,4294967295,0,0
block,2368,2336,003B760D,0,1,1,4294967295,0,0
block,2368,2368,0022D45B,0,1,1,4294967295,0,0
block,2368,2400,003943AA,0,1,1,4294967295,0,0
playerStart,80,2208,000FB3CE,0,1,1,4294967295,0,0
